"V1" "V2" "V3"
"1" 1 0.997546012269939 0.997546012269939
"2" 1 0.933673469387755 0.933673469387755
"3" 1 0.997455470737914 0.997455470737914
"4" 1 0.992546583850932 0.992546583850932
"5" 1 0.948453608247423 0.948453608247423
"6" 1 0.955555555555556 0.955555555555556
"7" 1 0.899628252788104 0.899628252788104
"8" 1 0.954081632653061 0.954081632653061
"9" 1 0.976572133168927 0.976572133168927
"10" 1 0.971321695760598 0.971321695760598
"11" 1 0.972906403940887 0.972906403940887
"12" 1 0.989010989010989 0.989010989010989
"13" 1 0.987373737373737 0.987373737373737
"14" 1 0.986335403726708 0.986335403726708
"15" 1 0.933588761174968 0.933588761174968
"16" 1 0.978316326530612 0.978316326530612
"17" 1 0.981707317073171 0.981707317073171
"18" 1 0.976800976800977 0.976800976800977
"19" 1 0.984516129032258 0.984516129032258
"20" 1 0.986232790988736 0.986232790988736
"21" 0.966 0.988943488943489 0.959459459459459
"22" 1 0.9625 0.9625
"23" 1 0.95679012345679 0.95679012345679
"24" 1 0.988805970149254 0.988805970149254
"25" 1 1 1
"26" 1 0.987405541561713 0.987405541561713
"27" 1 0.993909866017052 0.993909866017052
"28" 1 0.978453738910013 0.978453738910013
"29" 1 0.996240601503759 0.996240601503759
"30" 1 0.993857493857494 0.993857493857494
"31" 1 0.944306930693069 0.944306930693069
"32" 1 0.966417910447761 0.966417910447761
"33" 1 0.988819875776398 0.988819875776398
"34" 1 1 1
"35" 1 0.957553058676654 0.957553058676654
"36" 1 0.923940149625935 0.923940149625935
"37" 1 0.989949748743719 0.989949748743719
"38" 1 0.977611940298508 0.977611940298508
"39" 1 0.940372670807453 0.940372670807453
"40" 1 0.912990196078431 0.912990196078431
"41" 1 0.957286432160804 0.957286432160804
"42" 1 0.941176470588235 0.941176470588235
"43" 1 0.987357774968394 0.987357774968394
"44" 1 0.998751560549313 0.998751560549313
"45" 1 0.99125 0.99125
"46" 1 0.992414664981037 0.992414664981037
"47" 1 0.911220715166461 0.911220715166461
"48" 1 0.964331210191083 0.964331210191083
"49" 1 0.995043370508054 0.995043370508054
"50" 1 0.955168119551681 0.955168119551681
"51" 1 0.914212548015365 0.914212548015365
"52" 1 0.99874213836478 0.99874213836478
"53" 1 1 1
"54" 1 0.976456009913259 0.976456009913259
"55" 1 0.984962406015038 0.984962406015038
"56" 1 0.974025974025974 0.974025974025974
"57" 1 0.984790874524715 0.984790874524715
"58" 1 0.933080808080808 0.933080808080808
"59" 1 0.895131086142322 0.895131086142322
"60" 1 0.959798994974874 0.959798994974874
"61" 1 0.942046855733662 0.942046855733662
"62" 1 0.967861557478368 0.967861557478368
"63" 1 0.94080604534005 0.94080604534005
"64" 1 0.901140684410646 0.901140684410646
"65" 1 0.996259351620948 0.996259351620948
"66" 1 0.93514915693904 0.93514915693904
"67" 1 0.936802973977695 0.936802973977695
"68" 1 0.977157360406091 0.977157360406091
"69" 1 0.995024875621891 0.995024875621891
"70" 1 0.978149100257069 0.978149100257069
"71" 1 0.99383477188656 0.99383477188656
"72" 1 0.947637292464879 0.947637292464879
"73" 1 0.992443324937028 0.992443324937028
"74" 1 0.959748427672956 0.959748427672956
"75" 1 0.952088452088452 0.952088452088452
"76" 1 0.925650557620818 0.925650557620818
"77" 1 0.967661691542289 0.967661691542289
"78" 1 0.98234552332913 0.98234552332913
"79" 1 0.983418367346939 0.983418367346939
"80" 1 0.954887218045113 0.954887218045113
"81" 1 0.98992443324937 0.98992443324937
"82" 1 0.99875 0.99875
"83" 1 0.966224366706876 0.966224366706876
"84" 1 0.996273291925466 0.996273291925466
"85" 1 0.994910941475827 0.994910941475827
"86" 1 0.973848069738481 0.973848069738481
"87" 1 0.964329643296433 0.964329643296433
"88" 1 0.979772439949431 0.979772439949431
"89" 1 0.985969387755102 0.985969387755102
"90" 1 0.971848225214198 0.971848225214198
"91" 1 0.979166666666667 0.979166666666667
"92" 1 0.949131513647643 0.949131513647643
"93" 1 0.946517412935323 0.946517412935323
"94" 1 0.992376111817027 0.992376111817027
"95" 1 0.96328029375765 0.96328029375765
"96" 1 0.937965260545906 0.937965260545906
"97" 1 0.994955863808323 0.994955863808323
"98" 1 0.988778054862843 0.988778054862843
"99" 1 0.939580764488286 0.939580764488286
"100" 1 0.959006211180124 0.959006211180124
"101" 1 0.979713603818616 0.979713603818616
"102" 1 0.982543640897756 0.982543640897756
"103" 1 0.933500627352572 0.933500627352572
"104" 1 0.965994962216625 0.965994962216625
"105" 1 0.929824561403509 0.929824561403509
"106" 1 0.978453738910013 0.978453738910013
"107" 1 0.98978288633461 0.98978288633461
"108" 1 0.969773299748111 0.969773299748111
"109" 0.974 1 0.972772277227723
"110" 1 0.984752223634053 0.984752223634053
"111" 1 0.976923076923077 0.976923076923077
"112" 1 0.939580764488286 0.939580764488286
"113" 1 0.916243654822335 0.916243654822335
"114" 1 0.992555831265509 0.992555831265509
"115" 1 0.981840193704601 0.981840193704601
"116" 1 0.984029484029484 0.984029484029484
"117" 1 0.992592592592593 0.992592592592593
"118" 1 0.977832512315271 0.977832512315271
"119" 1 0.960199004975124 0.960199004975124
"120" 1 0.965389369592089 0.965389369592089
"121" 1 0.981155778894472 0.981155778894472
"122" 1 0.990037359900374 0.990037359900374
"123" 1 0.968671679197995 0.968671679197995
"124" 1 0.955 0.955
"125" 1 0.899755501222494 0.899755501222494
"126" 1 0.906947890818859 0.906947890818859
"127" 1 0.953865336658354 0.953865336658354
"128" 1 0.998759305210918 0.998759305210918
"129" 1 0.917091836734694 0.917091836734694
"130" 1 0.962820512820513 0.962820512820513
"131" 1 0.962640099626401 0.962640099626401
"132" 1 0.951959544879899 0.951959544879899
"133" 1 0.930487804878049 0.930487804878049
"134" 1 0.877652933832709 0.877652933832709
"135" 1 0.974074074074074 0.974074074074074
"136" 1 0.982565379825654 0.982565379825654
"137" 1 0.952020202020202 0.952020202020202
"138" 1 0.991228070175439 0.991228070175439
"139" 1 0.982779827798278 0.982779827798278
"140" 1 0.952261306532663 0.952261306532663
"141" 1 0.979848866498741 0.979848866498741
"142" 1 0.939774153074028 0.939774153074028
"143" 1 1 1
"144" 1 0.946047678795483 0.946047678795483
"145" 1 1 1
"146" 1 0.991139240506329 0.991139240506329
"147" 1 0.998753117206983 0.998753117206983
"148" 1 0.95796178343949 0.95796178343949
"149" 1 0.992471769134254 0.992471769134254
"150" 1 1 1
"151" 1 0.984415584415584 0.984415584415584
"152" 1 0.973417721518987 0.973417721518987
"153" NA NA NA
"154" 1 0.947955390334573 0.947955390334573
"155" 1 0.978316326530612 0.978316326530612
"156" 1 0.965303593556382 0.965303593556382
"157" 1 0.949257425742574 0.949257425742574
"158" 1 0.948362720403023 0.948362720403023
"159" 1 0.998726114649682 0.998726114649682
"160" 1 0.951612903225806 0.951612903225806
"161" 1 0.985365853658537 0.985365853658537
"162" 1 0.945137157107232 0.945137157107232
"163" 1 0.910804020100503 0.910804020100503
"164" 1 0.965952080706179 0.965952080706179
"165" 1 0.976969696969697 0.976969696969697
"166" 1 0.998771498771499 0.998771498771499
"167" 1 0.992601726263872 0.992601726263872
"168" 1 0.980099502487562 0.980099502487562
"169" 1 0.954659949622166 0.954659949622166
"170" 1 0.980099502487562 0.980099502487562
"171" 1 0.946847960444994 0.946847960444994
"172" 1 0.947368421052632 0.947368421052632
"173" 1 0.940446650124069 0.940446650124069
"174" 1 1 1
"175" 1 0.921472392638037 0.921472392638037
"176" 1 0.9602053915276 0.9602053915276
"177" 1 0.973137973137973 0.973137973137973
"178" 1 0.950943396226415 0.950943396226415
"179" 1 0.992638036809816 0.992638036809816
"180" 1 0.988549618320611 0.988549618320611
"181" 1 0.977386934673367 0.977386934673367
"182" 1 0.987293519695044 0.987293519695044
"183" 1 0.950310559006211 0.950310559006211
"184" 1 0.998771498771499 0.998771498771499
"185" 1 0.894993894993895 0.894993894993895
"186" 1 0.984981226533166 0.984981226533166
"187" 1 0.963704630788486 0.963704630788486
"188" 1 0.975765306122449 0.975765306122449
"189" 1 0.986128625472888 0.986128625472888
"190" 1 0.989873417721519 0.989873417721519
"191" 1 0.969211822660099 0.969211822660099
"192" 1 0.995 0.995
"193" 1 0.969211822660099 0.969211822660099
"194" 1 0.926108374384236 0.926108374384236
"195" 1 0.989911727616646 0.989911727616646
"196" 1 0.983585858585859 0.983585858585859
"197" 1 0.978398983481576 0.978398983481576
"198" 1 0.934386391251519 0.934386391251519
"199" 1 0.972222222222222 0.972222222222222
"200" 1 0.936031331592689 0.936031331592689
"201" 1 0.913533834586466 0.913533834586466
"202" 1 0.983668341708543 0.983668341708543
"203" 1 0.971902937420179 0.971902937420179
"204" 1 0.991161616161616 0.991161616161616
"205" 1 1 1
"206" 1 0.984029484029484 0.984029484029484
"207" 1 0.9765625 0.9765625
"208" 1 0.981296758104738 0.981296758104738
"209" 1 0.981108312342569 0.981108312342569
"210" 1 0.982926829268293 0.982926829268293
"211" 1 0.943820224719101 0.943820224719101
"212" 1 0.958128078817734 0.958128078817734
"213" 1 1 1
"214" 1 0.964376590330789 0.964376590330789
"215" 1 0.980988593155893 0.980988593155893
"216" 1 0.99873417721519 0.99873417721519
"217" 1 0.987421383647799 0.987421383647799
"218" 1 0.99030303030303 0.99030303030303
"219" 1 0.946317103620474 0.946317103620474
"220" 1 0.971744471744472 0.971744471744472
"221" 1 0.980694980694981 0.980694980694981
"222" 1 0.870393900889454 0.870393900889454
"223" 1 0.98375 0.98375
"224" 1 0.99625 0.99625
"225" 1 0.991161616161616 0.991161616161616
"226" 1 0.971604938271605 0.971604938271605
"227" 1 0.979064039408867 0.979064039408867
"228" 1 0.967824967824968 0.967824967824968
"229" 1 0.986284289276808 0.986284289276808
"230" 1 0.979924717691342 0.979924717691342
"231" 1 0.973651191969887 0.973651191969887
"232" 1 0.939546599496222 0.939546599496222
"233" 1 0.972670807453416 0.972670807453416
"234" 1 0.976514215080346 0.976514215080346
"235" 1 0.983790523690773 0.983790523690773
"236" 1 0.995 0.995
"237" 1 0.974201474201474 0.974201474201474
"238" 1 0.972465581977472 0.972465581977472
"239" 1 0.970886075949367 0.970886075949367
"240" 1 0.930864197530864 0.930864197530864
"241" 1 0.964556962025316 0.964556962025316
"242" 1 0.9775 0.9775
"243" 1 0.966321243523316 0.966321243523316
"244" 1 0.963659147869674 0.963659147869674
"245" 1 0.983565107458913 0.983565107458913
"246" 1 0.977777777777778 0.977777777777778
"247" 1 0.995198079231693 0.995198079231693
"248" 1 0.987261146496815 0.987261146496815
"249" 1 0.981155778894472 0.981155778894472
"250" 1 0.948101265822785 0.948101265822785
"251" 1 0.965260545905707 0.965260545905707
"252" 1 0.973913043478261 0.973913043478261
"253" 1 0.951159951159951 0.951159951159951
"254" 1 0.853808353808354 0.853808353808354
"255" 1 0.98992443324937 0.98992443324937
"256" 1 0.997533908754624 0.997533908754624
"257" 1 0.945068664169788 0.945068664169788
"258" 1 0.920398009950249 0.920398009950249
"259" 1 0.977556109725686 0.977556109725686
"260" 1 0.949569495694957 0.949569495694957
"261" 1 0.978855721393035 0.978855721393035
"262" 1 0.997416020671835 0.997416020671835
"263" 1 0.97875 0.97875
"264" 1 0.965605095541401 0.965605095541401
"265" 1 0.918092909535452 0.918092909535452
"266" 1 0.912128712871287 0.912128712871287
"267" 1 0.975874547647768 0.975874547647768
"268" 1 0.967005076142132 0.967005076142132
"269" 1 0.977157360406091 0.977157360406091
"270" 1 0.972939729397294 0.972939729397294
"271" 1 0.90379746835443 0.90379746835443
"272" 1 0.938195302843016 0.938195302843016
"273" 1 0.952321204516938 0.952321204516938
"274" 1 0.940446650124069 0.940446650124069
"275" 1 0.976833976833977 0.976833976833977
"276" 1 0.997448979591837 0.997448979591837
"277" 1 0.938978829389788 0.938978829389788
"278" 1 0.977750309023486 0.977750309023486
"279" 1 0.957816377171216 0.957816377171216
"280" 1 0.938650306748466 0.938650306748466
"281" 1 0.9725 0.9725
"282" 0.936 0.902958579881657 0.848520710059172
"283" 1 0.960858585858586 0.960858585858586
"284" 1 0.961394769613948 0.961394769613948
"285" 1 0.988505747126437 0.988505747126437
"286" 1 0.959158415841584 0.959158415841584
"287" NA NA NA
"288" 1 0.96375 0.96375
"289" 1 0.982233502538071 0.982233502538071
"290" 1 0.920245398773006 0.920245398773006
"291" 1 0.953259532595326 0.953259532595326
"292" 1 0.989834815756036 0.989834815756036
"293" 1 0.978723404255319 0.978723404255319
"294" 1 0.985330073349633 0.985330073349633
"295" 1 0.940886699507389 0.940886699507389
"296" 1 0.944792973651192 0.944792973651192
"297" 1 0.966871165644172 0.966871165644172
"298" 1 0.986005089058524 0.986005089058524
"299" 1 0.912718204488778 0.912718204488778
"300" 1 0.878527607361963 0.878527607361963
"301" 1 0.981132075471698 0.981132075471698
"302" 1 0.943970767356882 0.943970767356882
"303" 1 0.90840652446675 0.90840652446675
"304" 1 0.95935960591133 0.95935960591133
"305" 1 0.983523447401774 0.983523447401774
"306" 1 0.926767676767677 0.926767676767677
"307" 1 0.948685857321652 0.948685857321652
"308" 1 0.963659147869674 0.963659147869674
"309" 1 0.987357774968394 0.987357774968394
"310" 1 0.936959208899876 0.936959208899876
"311" 1 0.966207759699625 0.966207759699625
"312" 1 0.946537059538275 0.946537059538275
"313" 1 0.972327044025157 0.972327044025157
"314" 1 0.985365853658537 0.985365853658537
"315" 1 0.957553058676654 0.957553058676654
"316" 1 0.99625 0.99625
"317" 1 0.984905660377358 0.984905660377358
"318" 1 0.981155778894472 0.981155778894472
"319" 1 0.988664987405542 0.988664987405542
"320" 1 0.965736040609137 0.965736040609137
"321" 1 0.98849104859335 0.98849104859335
"322" 1 0.944862155388471 0.944862155388471
"323" 1 0.961783439490446 0.961783439490446
"324" 1 0.975578406169666 0.975578406169666
"325" 1 0.990123456790123 0.990123456790123
"326" 1 0.962148962148962 0.962148962148962
"327" 1 0.992471769134254 0.992471769134254
"328" 1 0.998783454987834 0.998783454987834
"329" 1 0.98876404494382 0.98876404494382
"330" 1 0.932014833127318 0.932014833127318
"331" 1 0.95970695970696 0.95970695970696
"332" 1 0.928838951310861 0.928838951310861
"333" 1 0.962532299741602 0.962532299741602
"334" 1 0.98375 0.98375
"335" 1 0.972081218274112 0.972081218274112
"336" 1 0.975796178343949 0.975796178343949
"337" 1 0.952986022871665 0.952986022871665
"338" 1 0.942428035043805 0.942428035043805
"339" 1 0.989962358845671 0.989962358845671
"340" 1 0.909316770186335 0.909316770186335
"341" 1 0.986267166042447 0.986267166042447
"342" 1 0.988721804511278 0.988721804511278
"343" 1 0.992727272727273 0.992727272727273
"344" 1 0.929471032745592 0.929471032745592
"345" 1 0.881377551020408 0.881377551020408
"346" 1 0.950310559006211 0.950310559006211
"347" 1 0.993827160493827 0.993827160493827
"348" 1 0.920654911838791 0.920654911838791
"349" 1 0.940316686967113 0.940316686967113
"350" 1 0.998708010335917 0.998708010335917
"351" 1 0.992518703241895 0.992518703241895
"352" 1 0.99125 0.99125
"353" 1 0.970074812967581 0.970074812967581
"354" 1 0.992471769134254 0.992471769134254
"355" 1 0.830188679245283 0.830188679245283
"356" 1 0.90818858560794 0.90818858560794
"357" 1 0.98769987699877 0.98769987699877
"358" 1 0.883720930232558 0.883720930232558
"359" 1 0.944306930693069 0.944306930693069
"360" 1 0.965130759651308 0.965130759651308
"361" 1 0.991389913899139 0.991389913899139
"362" 1 0.956413449564135 0.956413449564135
"363" 1 0.945 0.945
"364" 1 0.967781908302354 0.967781908302354
"365" 1 0.967781908302354 0.967781908302354
"366" 1 0.967377666248432 0.967377666248432
"367" 1 0.887484197218711 0.887484197218711
"368" 1 0.991105463786531 0.991105463786531
"369" 1 0.986093552465234 0.986093552465234
"370" 1 0.9404309252218 0.9404309252218
"371" 1 0.978908188585608 0.978908188585608
"372" NA NA NA
"373" 1 0.998787878787879 0.998787878787879
"374" 1 0.978908188585608 0.978908188585608
"375" 1 0.978562421185372 0.978562421185372
"376" NA NA NA
"377" 1 0.970996216897856 0.970996216897856
"378" 1 0.975979772439949 0.975979772439949
"379" 1 0.973145780051151 0.973145780051151
"380" 1 0.998745294855709 0.998745294855709
"381" 1 0.964153275648949 0.964153275648949
"382" 1 0.992424242424242 0.992424242424242
"383" 1 0.942428035043805 0.942428035043805
"384" 1 0.928483353884094 0.928483353884094
"385" 1 0.929936305732484 0.929936305732484
"386" 1 0.925742574257426 0.925742574257426
"387" 1 0.960975609756098 0.960975609756098
"388" 1 0.942355889724311 0.942355889724311
"389" 1 0.962732919254658 0.962732919254658
"390" 1 0.990909090909091 0.990909090909091
"391" 1 0.977157360406091 0.977157360406091
"392" 1 0.955863808322825 0.955863808322825
"393" 1 0.944649446494465 0.944649446494465
"394" 1 0.950124688279302 0.950124688279302
"395" 1 0.95679012345679 0.95679012345679
"396" 1 0.947368421052632 0.947368421052632
"397" 1 0.973992197659298 0.973992197659298
"398" 1 0.97639751552795 0.97639751552795
"399" 1 0.924223602484472 0.924223602484472
"400" 1 0.952853598014888 0.952853598014888
"401" 1 0.99874686716792 0.99874686716792
"402" 1 0.996207332490518 0.996207332490518
"403" 1 0.957124842370744 0.957124842370744
"404" 1 0.948035487959442 0.948035487959442
"405" 1 0.99125 0.99125
"406" 1 0.94884287454324 0.94884287454324
"407" 1 0.923469387755102 0.923469387755102
"408" 1 0.840452261306533 0.840452261306533
"409" 1 0.98766954377312 0.98766954377312
"410" 1 0.993827160493827 0.993827160493827
"411" 1 0.981707317073171 0.981707317073171
"412" 1 0.963930348258706 0.963930348258706
"413" 1 0.961152882205514 0.961152882205514
"414" 1 0.949431099873578 0.949431099873578
"415" 1 0.828606658446362 0.828606658446362
"416" 1 1 1
"417" 1 1 1
"418" 1 0.956629491945477 0.956629491945477
"419" 1 0.984848484848485 0.984848484848485
"420" 1 0.998738965952081 0.998738965952081
"421" 1 0.995031055900621 0.995031055900621
"422" 1 0.952201257861635 0.952201257861635
"423" 1 0.945679012345679 0.945679012345679
"424" 1 0.982478097622028 0.982478097622028
"425" 1 0.986128625472888 0.986128625472888
"426" 1 0.9454770755886 0.9454770755886
"427" 0.957 0.998759305210918 0.95409429280397
"428" 1 0.973551637279597 0.973551637279597
"429" 1 0.997563946406821 0.997563946406821
"430" 1 0.982210927573062 0.982210927573062
"431" 1 0.966952264381885 0.966952264381885
"432" 1 0.992405063291139 0.992405063291139
"433" 1 0.982434127979925 0.982434127979925
"434" 1 0.991347342398022 0.991347342398022
"435" 1 0.982587064676617 0.982587064676617
"436" 1 0.984981226533166 0.984981226533166
"437" 1 0.986318407960199 0.986318407960199
"438" 1 0.938800489596083 0.938800489596083
"439" 1 0.968866749688667 0.968866749688667
"440" 1 0.92051282051282 0.92051282051282
"441" 1 0.996259351620948 0.996259351620948
"442" 1 0.979974968710889 0.979974968710889
"443" 1 0.988621997471555 0.988621997471555
"444" 1 0.966494845360825 0.966494845360825
"445" 1 0.954264524103832 0.954264524103832
"446" 1 0.980124223602485 0.980124223602485
"447" 1 0.98636926889715 0.98636926889715
"448" 1 0.99626400996264 0.99626400996264
"449" 1 0.986436498150432 0.986436498150432
"450" 0.793 0.98501872659176 0.787765293383271
"451" 1 0.995 0.995
"452" 1 0.941845764854614 0.941845764854614
"453" 1 0.990012484394507 0.990012484394507
"454" 1 0.992268041237113 0.992268041237113
"455" 1 0.976309226932668 0.976309226932668
"456" 0.902 0.948035487959442 0.850443599493029
"457" 1 0.949816401468788 0.949816401468788
"458" 1 0.980368098159509 0.980368098159509
"459" 1 0.988721804511278 0.988721804511278
"460" 1 0.984848484848485 0.984848484848485
"461" 1 0.957816377171216 0.957816377171216
"462" 1 0.991128010139417 0.991128010139417
"463" 1 0.975578406169666 0.975578406169666
"464" 1 0.921641791044776 0.921641791044776
"465" NA NA NA
"466" 1 0.984867591424968 0.984867591424968
"467" 1 1 1
"468" 1 0.98134328358209 0.98134328358209
"469" 1 0.978007761966365 0.978007761966365
"470" 1 0.982323232323232 0.982323232323232
"471" 1 0.944987775061125 0.944987775061125
"472" 1 0.974264705882353 0.974264705882353
"473" 1 0.953807740324594 0.953807740324594
"474" 1 0.981132075471698 0.981132075471698
"475" 1 0.973913043478261 0.973913043478261
"476" 1 0.946835443037975 0.946835443037975
"477" 1 0.98505603985056 0.98505603985056
"478" 1 0.997474747474748 0.997474747474748
"479" 1 0.967377666248432 0.967377666248432
"480" 1 0.987639060568603 0.987639060568603
"481" 1 0.954081632653061 0.954081632653061
"482" NA NA NA
"483" 1 0.951959544879899 0.951959544879899
"484" 1 0.998766954377312 0.998766954377312
"485" 1 0.971744471744472 0.971744471744472
"486" 1 0.937340153452685 0.937340153452685
"487" 1 0.931904161412358 0.931904161412358
"488" 1 0.985 0.985
"489" 1 0.968789013732834 0.968789013732834
"490" 1 0.979899497487437 0.979899497487437
"491" 1 0.95425667090216 0.95425667090216
"492" 1 0.992565055762082 0.992565055762082
"493" 1 0.979643765903308 0.979643765903308
"494" 1 0.929824561403509 0.929824561403509
"495" 1 0.939666238767651 0.939666238767651
"496" 1 0.995092024539877 0.995092024539877
"497" 1 0.976485148514851 0.976485148514851
"498" 1 0.98856416772554 0.98856416772554
"499" 1 0.992443324937028 0.992443324937028
"500" 1 0.981981981981982 0.981981981981982
"501" 1 0.961201501877347 0.961201501877347
"502" 1 0.972670807453416 0.972670807453416
"503" 1 0.974093264248705 0.974093264248705
"504" 1 0.979513444302177 0.979513444302177
"505" 1 0.99878197320341 0.99878197320341
"506" 1 0.992424242424242 0.992424242424242
"507" 1 0.970149253731343 0.970149253731343
"508" 1 0.937420178799489 0.937420178799489
"509" 1 1 1
"510" 1 0.988957055214724 0.988957055214724
"511" 1 0.988505747126437 0.988505747126437
"512" 1 0.958868894601542 0.958868894601542
"513" 1 0.995127892813642 0.995127892813642
"514" 1 0.934755332496863 0.934755332496863
"515" 1 0.979669631512071 0.979669631512071
"516" 1 0.99625468164794 0.99625468164794
"517" 1 0.943538268506901 0.943538268506901
"518" 1 0.992565055762082 0.992565055762082
"519" 1 0.934673366834171 0.934673366834171
"520" 1 0.97125 0.97125
"521" 1 0.962593516209476 0.962593516209476
"522" 1 0.939240506329114 0.939240506329114
"523" 1 0.964848484848485 0.964848484848485
"524" 1 0.994930291508238 0.994930291508238
"525" 1 0.978481012658228 0.978481012658228
"526" 0.978 0.936959208899876 0.918417799752781
"527" 1 0.981060606060606 0.981060606060606
"528" 1 0.971534653465347 0.971534653465347
"529" 1 0.974327628361858 0.974327628361858
"530" 1 0.944168734491315 0.944168734491315
"531" 1 0.973316391359593 0.973316391359593
"532" 1 0.959493670886076 0.959493670886076
"533" 1 0.983173076923077 0.983173076923077
"534" 1 0.956629491945477 0.956629491945477
"535" 1 0.991271820448878 0.991271820448878
"536" 1 0.998745294855709 0.998745294855709
"537" 1 0.924717691342534 0.924717691342534
"538" 1 0.98406862745098 0.98406862745098
"539" 1 0.915297092288243 0.915297092288243
"540" 1 0.9975 0.9975
"541" 1 0.920298879202989 0.920298879202989
"542" 1 0.976833976833977 0.976833976833977
"543" 1 0.987849331713244 0.987849331713244
"544" 1 0.980606060606061 0.980606060606061
"545" 1 0.921402660217654 0.921402660217654
"546" 1 0.907960199004975 0.907960199004975
"547" 1 0.867424242424242 0.867424242424242
"548" 1 0.99492385786802 0.99492385786802
"549" 1 0.997530864197531 0.997530864197531
"550" 1 0.963704630788486 0.963704630788486
"551" 1 0.967701863354037 0.967701863354037
"552" 1 0.988431876606684 0.988431876606684
"553" 1 0.99873417721519 0.99873417721519
"554" 1 0.991494532199271 0.991494532199271
"555" 1 0.98125 0.98125
"556" 1 0.963659147869674 0.963659147869674
"557" 1 0.976426799007444 0.976426799007444
"558" 1 0.997552019583843 0.997552019583843
"559" 1 0.962962962962963 0.962962962962963
"560" 1 0.966292134831461 0.966292134831461
"561" 1 0.974074074074074 0.974074074074074
"562" 1 0.960149439601494 0.960149439601494
"563" 1 0.990979381443299 0.990979381443299
"564" 0.984 0.946275946275946 0.93040293040293
"565" 1 0.980891719745223 0.980891719745223
"566" 1 0.920537897310513 0.920537897310513
"567" 1 0.982565379825654 0.982565379825654
"568" 1 0.97625 0.97625
"569" 1 0.978643216080402 0.978643216080402
"570" 1 0.988833746898263 0.988833746898263
"571" 1 0.986075949367089 0.986075949367089
"572" 1 0.997527812113721 0.997527812113721
"573" 1 0.991400491400491 0.991400491400491
"574" 1 0.967940813810111 0.967940813810111
"575" 1 0.952745849297573 0.952745849297573
"576" 1 0.872935196950445 0.872935196950445
"577" 1 0.955863808322825 0.955863808322825
"578" 1 0.99625468164794 0.99625468164794
"579" 1 0.940731399747793 0.940731399747793
"580" 1 0.907711757269279 0.907711757269279
"581" 1 0.991304347826087 0.991304347826087
"582" 1 0.961586121437423 0.961586121437423
"583" 1 0.934177215189873 0.934177215189873
"584" 1 0.978481012658228 0.978481012658228
"585" 1 0.991228070175439 0.991228070175439
"586" 1 0.992682926829268 0.992682926829268
"587" 1 0.993742177722153 0.993742177722153
"588" 1 0.962546816479401 0.962546816479401
"589" 1 0.974530831099196 0.974530831099196
"590" 1 0.954780361757106 0.954780361757106
"591" 1 0.915841584158416 0.915841584158416
"592" 1 0.973684210526316 0.973684210526316
"593" 1 0.994981179422836 0.994981179422836
"594" 1 0.944654088050314 0.944654088050314
"595" 1 0.982989064398542 0.982989064398542
"596" 1 0.960149439601494 0.960149439601494
"597" 1 0.977859778597786 0.977859778597786
"598" 1 0.966376089663761 0.966376089663761
"599" 1 0.96105527638191 0.96105527638191
"600" 1 0.979949874686717 0.979949874686717
"601" 1 0.980940279542567 0.980940279542567
"602" 1 0.99875 0.99875
"603" 1 0.91389913899139 0.91389913899139
"604" 1 0.988943488943489 0.988943488943489
"605" 1 0.979565772669221 0.979565772669221
"606" 1 0.954377311960543 0.954377311960543
"607" 1 0.975031210986267 0.975031210986267
"608" 1 0.911727616645649 0.911727616645649
"609" 1 1 1
"610" 1 0.985130111524164 0.985130111524164
"611" 1 0.957854406130268 0.957854406130268
"612" 1 0.944029850746269 0.944029850746269
"613" NA NA NA
"614" 1 0.983870967741935 0.983870967741935
"615" 1 0.993773349937733 0.993773349937733
"616" 1 0.980861244019139 0.980861244019139
"617" 1 0.983502538071066 0.983502538071066
"618" 1 0.9775 0.9775
"619" 1 0.969072164948454 0.969072164948454
"620" 1 0.935242839352428 0.935242839352428
"621" 1 0.986128625472888 0.986128625472888
"622" 1 0.965559655596556 0.965559655596556
"623" 1 0.976572133168927 0.976572133168927
"624" 1 0.974874371859296 0.974874371859296
"625" 1 0.965260545905707 0.965260545905707
"626" 1 0.935881627620222 0.935881627620222
"627" 1 1 1
"628" 1 0.990267639902676 0.990267639902676
"629" 1 0.946782178217822 0.946782178217822
"630" 1 0.95593635250918 0.95593635250918
"631" 1 0.941550190597205 0.941550190597205
"632" 1 0.988847583643123 0.988847583643123
"633" 1 0.994993742177722 0.994993742177722
"634" 1 0.940667490729295 0.940667490729295
"635" 1 0.97875 0.97875
"636" 1 0.964240102171137 0.964240102171137
"637" 1 0.987546699875467 0.987546699875467
"638" 1 0.953714981729598 0.953714981729598
"639" 1 0.9775 0.9775
"640" 1 0.984810126582279 0.984810126582279
"641" 1 0.98505603985056 0.98505603985056
"642" 1 0.982412060301508 0.982412060301508
"643" 1 0.992471769134254 0.992471769134254
"644" 1 0.913375796178344 0.913375796178344
"645" 1 0.996268656716418 0.996268656716418
"646" 1 0.89625 0.89625
"647" 1 0.978021978021978 0.978021978021978
"648" 1 0.99625 0.99625
"649" 1 0.973105134474328 0.973105134474328
"650" 1 0.922391857506361 0.922391857506361
"651" 1 0.91358024691358 0.91358024691358
"652" 1 0.986585365853659 0.986585365853659
"653" 1 0.983627204030227 0.983627204030227
"654" 1 0.916243654822335 0.916243654822335
"655" 1 0.969021065675341 0.969021065675341
"656" 1 0.96 0.96
"657" 1 0.984829329962073 0.984829329962073
"658" 1 0.971569839307787 0.971569839307787
"659" 1 0.986232790988736 0.986232790988736
"660" 1 0.964019851116625 0.964019851116625
"661" 1 0.978021978021978 0.978021978021978
"662" 1 0.996173469387755 0.996173469387755
"663" 1 1 1
"664" 1 0.938848920863309 0.938848920863309
"665" 1 0.98636926889715 0.98636926889715
"666" 1 0.929032258064516 0.929032258064516
"667" 1 0.95679012345679 0.95679012345679
"668" 1 0.993662864385298 0.993662864385298
"669" 1 0.973282442748092 0.973282442748092
"670" 1 0.971428571428571 0.971428571428571
"671" 1 1 1
"672" 1 0.981320049813201 0.981320049813201
"673" 1 0.980074719800747 0.980074719800747
"674" 0.962 0.954943679599499 0.922403003754693
"675" 1 0.995043370508054 0.995043370508054
"676" 1 0.957658779576588 0.957658779576588
"677" 1 0.978535353535353 0.978535353535353
"678" 1 0.98375 0.98375
"679" 1 0.93888166449935 0.93888166449935
"680" 1 0.994897959183674 0.994897959183674
"681" 1 0.991432068543452 0.991432068543452
"682" 1 0.984867591424968 0.984867591424968
"683" 1 0.928662420382166 0.928662420382166
"684" 1 0.987452948557089 0.987452948557089
"685" 1 0.941992433795713 0.941992433795713
"686" 1 0.918787878787879 0.918787878787879
"687" 1 0.968866749688667 0.968866749688667
"688" 1 0.968019680196802 0.968019680196802
"689" 1 0.973584905660377 0.973584905660377
"690" 1 0.990074441687345 0.990074441687345
"691" 1 0.970660146699266 0.970660146699266
"692" 1 0.981226533166458 0.981226533166458
"693" 1 0.977556109725686 0.977556109725686
"694" 1 0.946078431372549 0.946078431372549
"695" 1 0.960858585858586 0.960858585858586
"696" 1 0.955555555555556 0.955555555555556
"697" 1 0.997422680412371 0.997422680412371
"698" 1 0.965744400527009 0.965744400527009
"699" 1 0.975062344139651 0.975062344139651
"700" 1 0.905707196029777 0.905707196029777
"701" 1 0.991194968553459 0.991194968553459
"702" 1 0.981012658227848 0.981012658227848
"703" 1 0.993662864385298 0.993662864385298
"704" 1 0.9923273657289 0.9923273657289
"705" 1 0.950757575757576 0.950757575757576
"706" 1 0.996309963099631 0.996309963099631
"707" 1 0.992146596858639 0.992146596858639
"708" 1 0.895 0.895
"709" 1 0.923832923832924 0.923832923832924
"710" 1 0.997471554993679 0.997471554993679
"711" 1 0.961916461916462 0.961916461916462
"712" 1 0.950943396226415 0.950943396226415
"713" 1 0.99125 0.99125
"714" 1 0.993710691823899 0.993710691823899
"715" 1 0.993638676844784 0.993638676844784
"716" 1 0.975031210986267 0.975031210986267
"717" 1 0.926616915422886 0.926616915422886
"718" 1 0.981389578163772 0.981389578163772
"719" 1 0.959509202453988 0.959509202453988
"720" 1 0.941320293398533 0.941320293398533
"721" 1 0.958280657395702 0.958280657395702
"722" 1 0.928662420382166 0.928662420382166
"723" 1 0.940506329113924 0.940506329113924
"724" 1 0.963057324840764 0.963057324840764
"725" 1 0.996287128712871 0.996287128712871
"726" 1 0.967821782178218 0.967821782178218
"727" 1 0.962686567164179 0.962686567164179
"728" 1 0.943890274314214 0.943890274314214
"729" 1 0.988735919899875 0.988735919899875
"730" 1 0.95875 0.95875
"731" 1 0.989962358845671 0.989962358845671
"732" 1 0.958435207823961 0.958435207823961
"733" 1 0.995018679950187 0.995018679950187
"734" 1 0.917091836734694 0.917091836734694
"735" 1 0.95776397515528 0.95776397515528
"736" 1 0.965473145780051 0.965473145780051
"737" 1 0.940656565656566 0.940656565656566
"738" 1 0.947630922693267 0.947630922693267
"739" 1 0.911196911196911 0.911196911196911
"740" 1 0.988997555012225 0.988997555012225
"741" 1 1 1
"742" 1 0.980511571254568 0.980511571254568
"743" 1 0.926065162907268 0.926065162907268
"744" 1 0.905 0.905
"745" 1 0.956843403205919 0.956843403205919
"746" 1 0.995037220843672 0.995037220843672
"747" 1 0.923845193508115 0.923845193508115
"748" 0.889 0.9529262086514 0.849872773536896
"749" 1 0.981617647058823 0.981617647058823
"750" 1 0.951066499372647 0.951066499372647
"751" 1 0.960559796437659 0.960559796437659
"752" 1 0.948166877370417 0.948166877370417
"753" 1 0.986568986568987 0.986568986568987
"754" 1 0.943139678615575 0.943139678615575
"755" 1 0.952201257861635 0.952201257861635
"756" 0.904 0.944862155388471 0.854636591478697
"757" 1 0.956467661691542 0.956467661691542
"758" 1 0.924870466321243 0.924870466321243
"759" 1 0.95125 0.95125
"760" 1 0.974715549936789 0.974715549936789
"761" 1 0.99492385786802 0.99492385786802
"762" NA NA NA
"763" 1 0.902080783353733 0.902080783353733
"764" 1 0.986552567237164 0.986552567237164
"765" 1 0.960509554140127 0.960509554140127
"766" 1 0.976572133168927 0.976572133168927
"767" 1 0.984924623115578 0.984924623115578
"768" 1 0.984184914841849 0.984184914841849
"769" 1 0.991315136476427 0.991315136476427
"770" 1 0.997536945812808 0.997536945812808
"771" 1 0.998730964467005 0.998730964467005
"772" 1 0.972327044025157 0.972327044025157
"773" 1 0.932397959183674 0.932397959183674
"774" 1 0.928838951310861 0.928838951310861
"775" 1 0.984886649874055 0.984886649874055
"776" 1 0.98234552332913 0.98234552332913
"777" 1 0.970886075949367 0.970886075949367
"778" 1 0.981412639405205 0.981412639405205
"779" 1 0.970245795601552 0.970245795601552
"780" 1 0.988833746898263 0.988833746898263
"781" 1 0.963325183374083 0.963325183374083
"782" 1 0.92713567839196 0.92713567839196
"783" 1 1 1
"784" 1 0.971285892634207 0.971285892634207
"785" 1 0.955863808322825 0.955863808322825
"786" 1 0.964601769911504 0.964601769911504
"787" 1 0.99348109517601 0.99348109517601
"788" 1 0.981060606060606 0.981060606060606
"789" 1 0.940298507462687 0.940298507462687
"790" 1 0.934699103713188 0.934699103713188
"791" 1 0.93640897755611 0.93640897755611
"792" 1 0.992565055762082 0.992565055762082
"793" 1 0.9812734082397 0.9812734082397
"794" 1 0.920298879202989 0.920298879202989
"795" 1 0.922318125770654 0.922318125770654
"796" 1 0.948362720403023 0.948362720403023
"797" 1 0.976629766297663 0.976629766297663
"798" 1 0.964956195244055 0.964956195244055
"799" 1 0.946700507614213 0.946700507614213
"800" 1 0.969348659003831 0.969348659003831
"801" 1 0.894868585732165 0.894868585732165
"802" 1 0.9602053915276 0.9602053915276
"803" 1 0.932515337423313 0.932515337423313
"804" 1 0.864556962025317 0.864556962025317
"805" 1 0.934755332496863 0.934755332496863
"806" 1 0.960358056265985 0.960358056265985
"807" 1 0.971214017521902 0.971214017521902
"808" 1 0.995043370508054 0.995043370508054
"809" 1 0.992546583850932 0.992546583850932
"810" 1 0.968098159509202 0.968098159509202
"811" 1 0.997471554993679 0.997471554993679
"812" 1 0.956743002544529 0.956743002544529
"813" 1 1 1
"814" 1 0.968112244897959 0.968112244897959
"815" 1 0.968866749688667 0.968866749688667
"816" 1 0.991411042944785 0.991411042944785
"817" 1 0.954151177199504 0.954151177199504
"818" 1 0.915337423312883 0.915337423312883
"819" 1 0.956195244055069 0.956195244055069
"820" 1 0.985276073619632 0.985276073619632
"821" 1 0.992337164750958 0.992337164750958
"822" 1 0.994865211810013 0.994865211810013
"823" 1 0.900636942675159 0.900636942675159
"824" 1 0.974683544303797 0.974683544303797
"825" 1 0.983668341708543 0.983668341708543
"826" 1 0.947435897435897 0.947435897435897
"827" 1 0.991432068543452 0.991432068543452
"828" 1 0.966625463535229 0.966625463535229
"829" 1 0.985436893203884 0.985436893203884
"830" 1 0.977443609022556 0.977443609022556
"831" 1 0.883004926108374 0.883004926108374
"832" 1 0.993811881188119 0.993811881188119
"833" 1 0.952134540750323 0.952134540750323
"834" 1 0.975979772439949 0.975979772439949
"835" 0.98 0.979064039408867 0.956896551724138
"836" 1 0.986093552465234 0.986093552465234
"837" 1 0.950248756218905 0.950248756218905
"838" 1 0.992462311557789 0.992462311557789
"839" 1 0.96958174904943 0.96958174904943
"840" 1 0.9825 0.9825
"841" 1 0.95273631840796 0.95273631840796
"842" 1 0.978829389788294 0.978829389788294
"843" 1 0.94875 0.94875
"844" 1 0.913265306122449 0.913265306122449
"845" 1 0.899002493765586 0.899002493765586
"846" 1 0.978508217446271 0.978508217446271
"847" 1 0.982521847690387 0.982521847690387
"848" 1 0.97741530740276 0.97741530740276
"849" 1 0.978535353535353 0.978535353535353
"850" 1 0.976040353089533 0.976040353089533
"851" 1 0.972772277227723 0.972772277227723
"852" 1 0.988721804511278 0.988721804511278
"853" 1 0.966707768187423 0.966707768187423
"854" 1 0.956843403205919 0.956843403205919
"855" 1 0.989077669902913 0.989077669902913
"856" 1 0.996291718170581 0.996291718170581
"857" 1 0.996173469387755 0.996173469387755
"858" 1 0.928297055057618 0.928297055057618
"859" 1 0.929214929214929 0.929214929214929
"860" 1 0.983193277310924 0.983193277310924
"861" 1 0.978398983481576 0.978398983481576
"862" 1 0.943609022556391 0.943609022556391
"863" 1 0.995018679950187 0.995018679950187
"864" 1 0.90458488228005 0.90458488228005
"865" 1 0.990208078335373 0.990208078335373
"866" 1 0.984962406015038 0.984962406015038
"867" 1 0.968513853904282 0.968513853904282
"868" 1 0.993887530562347 0.993887530562347
"869" 1 0.948717948717949 0.948717948717949
"870" 1 0.929181929181929 0.929181929181929
"871" 1 0.983523447401774 0.983523447401774
"872" 1 0.997425997425997 0.997425997425997
"873" 1 0.967088607594937 0.967088607594937
"874" 1 0.949431099873578 0.949431099873578
"875" 1 0.994949494949495 0.994949494949495
"876" 1 0.977358490566038 0.977358490566038
"877" 1 0.989873417721519 0.989873417721519
"878" 1 0.952201257861635 0.952201257861635
"879" 1 0.923456790123457 0.923456790123457
"880" 1 0.972361809045226 0.972361809045226
"881" 0.971 0.964868255959849 0.934755332496863
"882" 1 0.963459196102314 0.963459196102314
"883" 1 0.967821782178218 0.967821782178218
"884" 1 0.922784810126582 0.922784810126582
"885" 1 0.995067817509248 0.995067817509248
"886" 1 0.97799511002445 0.97799511002445
"887" 1 0.99876390605686 0.99876390605686
"888" 1 0.97921760391198 0.97921760391198
"889" 1 0.975062344139651 0.975062344139651
"890" 1 0.970074812967581 0.970074812967581
"891" 1 0.994011976047904 0.994011976047904
"892" 1 0.972939729397294 0.972939729397294
"893" NA NA NA
"894" 1 0.940874035989717 0.940874035989717
"895" 1 0.92588092345079 0.92588092345079
"896" 1 0.954943679599499 0.954943679599499
"897" 1 0.981981981981982 0.981981981981982
"898" 1 0.968827930174564 0.968827930174564
"899" 1 0.976629766297663 0.976629766297663
"900" 1 0.968071519795658 0.968071519795658
"901" 1 0.942542787286064 0.942542787286064
"902" 1 0.963704630788486 0.963704630788486
"903" 1 0.991150442477876 0.991150442477876
"904" 1 0.955112219451372 0.955112219451372
"905" 1 0.90818858560794 0.90818858560794
"906" 1 0.953282828282828 0.953282828282828
"907" 1 0.937192118226601 0.937192118226601
"908" 1 0.976010101010101 0.976010101010101
"909" 1 0.985074626865672 0.985074626865672
"910" 1 0.973145780051151 0.973145780051151
"911" 1 0.987730061349693 0.987730061349693
"912" 1 0.991325898389095 0.991325898389095
"913" 1 0.962406015037594 0.962406015037594
"914" 1 0.996291718170581 0.996291718170581
"915" 1 0.966542750929368 0.966542750929368
"916" 0.92 0.988607594936709 0.910126582278481
"917" 1 0.98875 0.98875
"918" 1 0.971938775510204 0.971938775510204
"919" 1 0.941550190597205 0.941550190597205
"920" 1 0.986318407960199 0.986318407960199
"921" 1 0.98625 0.98625
"922" 1 0.934648581997534 0.934648581997534
"923" 1 0.998743718592965 0.998743718592965
"924" 1 0.971393034825871 0.971393034825871
"925" 1 0.990037359900374 0.990037359900374
"926" 1 0.953400503778338 0.953400503778338
"927" 1 0.969362745098039 0.969362745098039
"928" 1 0.945454545454545 0.945454545454545
"929" 1 0.988535031847134 0.988535031847134
"930" 1 0.940813810110974 0.940813810110974
"931" 1 0.921836228287841 0.921836228287841
"932" 1 0.892813641900122 0.892813641900122
"933" 1 0.983009708737864 0.983009708737864
"934" 1 0.938978829389788 0.938978829389788
"935" 1 0.986842105263158 0.986842105263158
"936" 1 0.906519065190652 0.906519065190652
"937" 1 0.946384039900249 0.946384039900249
"938" 1 0.962332928311057 0.962332928311057
"939" 1 0.99625468164794 0.99625468164794
"940" 1 0.992414664981037 0.992414664981037
"941" 1 0.99875 0.99875
"942" 1 0.97 0.97
"943" 1 0.95593635250918 0.95593635250918
"944" 1 0.973880597014925 0.973880597014925
"945" 1 0.991304347826087 0.991304347826087
"946" 1 0.994987468671679 0.994987468671679
"947" 1 0.935601458080194 0.935601458080194
"948" 1 0.949874686716792 0.949874686716792
"949" 1 0.954151177199504 0.954151177199504
"950" 1 0.941845764854614 0.941845764854614
"951" 1 0.940298507462687 0.940298507462687
"952" 1 0.954427083333333 0.954427083333333
"953" 1 0.994930291508238 0.994930291508238
"954" 1 0.954264524103832 0.954264524103832
"955" 1 0.991105463786531 0.991105463786531
"956" 1 0.9321608040201 0.9321608040201
"957" 1 0.911439114391144 0.911439114391144
"958" 1 0.975093399750934 0.975093399750934
"959" 1 0.934809348093481 0.934809348093481
"960" 1 0.988650693568726 0.988650693568726
"961" 1 0.969549330085262 0.969549330085262
"962" 1 0.958955223880597 0.958955223880597
"963" 1 0.962686567164179 0.962686567164179
"964" 1 0.971813725490196 0.971813725490196
"965" 1 0.960493827160494 0.960493827160494
"966" 1 0.911360799001248 0.911360799001248
"967" 1 0.968098159509202 0.968098159509202
"968" 1 0.98849104859335 0.98849104859335
"969" 1 0.960609911054638 0.960609911054638
"970" 1 0.928211586901763 0.928211586901763
"971" 1 0.925187032418953 0.925187032418953
"972" 1 0.96790757381258 0.96790757381258
"973" 1 0.964331210191083 0.964331210191083
"974" 1 0.987562189054726 0.987562189054726
"975" 1 0.998709677419355 0.998709677419355
"976" 1 0.98046398046398 0.98046398046398
"977" 1 0.957854406130268 0.957854406130268
"978" 1 0.923462986198243 0.923462986198243
"979" 1 0.985276073619632 0.985276073619632
"980" 1 0.983544303797468 0.983544303797468
"981" 1 0.998766954377312 0.998766954377312
"982" 1 0.992700729927007 0.992700729927007
"983" 1 0.973248407643312 0.973248407643312
"984" 1 0.98375 0.98375
"985" 1 0.967295597484277 0.967295597484277
"986" 1 0.983418367346939 0.983418367346939
"987" 1 0.965822784810127 0.965822784810127
"988" 1 0.98469387755102 0.98469387755102
"989" 1 0.972584856396867 0.972584856396867
"990" 1 0.950757575757576 0.950757575757576
"991" 1 0.990049751243781 0.990049751243781
"992" 1 0.930572472594397 0.930572472594397
"993" 1 0.951406649616368 0.951406649616368
"994" 1 0.969173859432799 0.969173859432799
"995" 1 0.922705314009662 0.922705314009662
"996" 1 0.983870967741935 0.983870967741935
"997" 1 0.955445544554455 0.955445544554455
"998" 1 0.871088861076345 0.871088861076345
"999" 1 0.993880048959608 0.993880048959608
"1000" 1 0.968905472636816 0.968905472636816
