"V1" "V2" "V3"
"1" 1 0.996556042579837 0.996556042579837
"2" 1 0.983655508407984 0.983655508407984
"3" 1 0.978009808574593 0.978009808574593
"4" 1 0.984663051897754 0.984663051897754
"5" 1 0.995271867612293 0.995271867612293
"6" 1 0.997981052958534 0.997981052958534
"7" NA NA NA
"8" 1 0.986700046941011 0.986700046941011
"9" NA NA NA
"10" 1 0.982566357782315 0.982566357782315
"11" 1 0.986550632911392 0.986550632911392
"12" 1 0.993341788205453 0.993341788205453
"13" 1 0.983738553836438 0.983738553836438
"14" NA NA NA
"15" 1 0.995611285266458 0.995611285266458
"16" 1 0.993118548639349 0.993118548639349
"17" 1 0.981176104542626 0.981176104542626
"18" 1 0.999534306116113 0.999534306116113
"19" 1 0.996543597800471 0.996543597800471
"20" 1 0.999528005034613 0.999528005034613
"21" 1 0.997972235220714 0.997972235220714
"22" 1 0.992608900770561 0.992608900770561
"23" 1 0.981317141522653 0.981317141522653
"24" 1 0.993103448275862 0.993103448275862
"25" 1 0.993311557007311 0.993311557007311
"26" 1 0.989869531849578 0.989869531849578
"27" 1 0.998435054773083 0.998435054773083
"28" 1 0.983596409780254 0.983596409780254
"29" 1 0.982544425224092 0.982544425224092
"30" 1 0.998122359568143 0.998122359568143
"31" 1 0.980909958638244 0.980909958638244
"32" 1 0.983588448792804 0.983588448792804
"33" 1 0.993426201283456 0.993426201283456
"34" 1 0.992800125215214 0.992800125215214
"35" 1 0.980853735091023 0.980853735091023
"36" 1 0.990488071105567 0.990488071105567
"37" 1 0.991490020114498 0.991490020114498
"38" 1 0.985241011147747 0.985241011147747
"39" 1 0.981487292124255 0.981487292124255
"40" 1 0.982469870089216 0.982469870089216
"41" 1 0.991023622047244 0.991023622047244
"42" 1 0.995440251572327 0.995440251572327
"43" 1 0.973704683367045 0.973704683367045
"44" 1 0.995746691871456 0.995746691871456
"45" 1 0.973936253729 0.973936253729
"46" 1 0.998895899053628 0.998895899053628
"47" 1 0.991207774178621 0.991207774178621
"48" 1 0.994327135203278 0.994327135203278
"49" 1 0.996532156368222 0.996532156368222
"50" 1 0.994796594134343 0.994796594134343
"51" 1 0.999686126804771 0.999686126804771
"52" 1 0.996061751732829 0.996061751732829
"53" 1 0.993469133882755 0.993469133882755
"54" 1 0.996396114070824 0.996396114070824
"55" 1 0.995936865135177 0.995936865135177
"56" 1 0.994989823078127 0.994989823078127
"57" 1 0.986821462190147 0.986821462190147
"58" 1 0.992520687460216 0.992520687460216
"59" 1 0.997501951600312 0.997501951600312
"60" 1 0.992048643592142 0.992048643592142
"61" NA NA NA
"62" 1 0.991787744788377 0.991787744788377
"63" 1 0.991223946089955 0.991223946089955
"64" NA NA NA
"65" 1 0.983270794246404 0.983270794246404
"66" 1 0.995637949836423 0.995637949836423
"67" NA NA NA
"68" 1 0.997385821928341 0.997385821928341
"69" 1 0.991936734377423 0.991936734377423
"70" 1 0.999204075135307 0.999204075135307
"71" 1 0.998597038191738 0.998597038191738
"72" 1 0.996897300651567 0.996897300651567
"73" 1 0.983812666980984 0.983812666980984
"74" 1 0.987205492276486 0.987205492276486
"75" 1 0.99984179718399 0.99984179718399
"76" 1 0.991221194544599 0.991221194544599
"77" NA NA NA
"78" 1 0.997791798107255 0.997791798107255
"79" 1 0.995807453416149 0.995807453416149
"80" 1 0.998442610185329 0.998442610185329
"81" 1 0.977400249376559 0.977400249376559
"82" 1 0.98043893129771 0.98043893129771
"83" 1 0.994348508634223 0.994348508634223
"84" NA NA NA
"85" 1 0.995754049378833 0.995754049378833
"86" 1 0.99874095058231 0.99874095058231
"87" 1 0.999370475291155 0.999370475291155
"88" 1 0.997957259585167 0.997957259585167
"89" 1 0.996998420221169 0.996998420221169
"90" 1 0.980862745098039 0.980862745098039
"91" 1 0.971658006613132 0.971658006613132
"92" 1 0.973506819250666 0.973506819250666
"93" 1 0.996083346388845 0.996083346388845
"94" 1 0.999053627760252 0.999053627760252
"95" 1 0.995134965473949 0.995134965473949
"96" 1 0.991905354919054 0.991905354919054
"97" 1 0.993487362381765 0.993487362381765
"98" 1 0.987221959299574 0.987221959299574
"99" 1 0.99812412068157 0.99812412068157
"100" 1 0.992983003274598 0.992983003274598
"101" 1 0.992889872017696 0.992889872017696
"102" 1 0.984265461909955 0.984265461909955
"103" 1 0.990539262062441 0.990539262062441
"104" 1 0.986348658402636 0.986348658402636
"105" 1 0.990835835045031 0.990835835045031
"106" 1 0.993497224425059 0.993497224425059
"107" 1 0.998272884283247 0.998272884283247
"108" 1 0.99921160517187 0.99921160517187
"109" 1 0.998441639395356 0.998441639395356
"110" 1 0.997297726911461 0.997297726911461
"111" 1 0.987998753117207 0.987998753117207
"112" 1 0.995927318295739 0.995927318295739
"113" 1 0.997948232323232 0.997948232323232
"114" 1 0.980495603517186 0.980495603517186
"115" 1 0.998270983967306 0.998270983967306
"116" 1 0.994581204520824 0.994581204520824
"117" 1 0.988990541169174 0.988990541169174
"118" 1 0.999369383572442 0.999369383572442
"119" NA NA NA
"120" 1 0.994976452119309 0.994976452119309
"121" 1 0.981028535591094 0.981028535591094
"122" 1 0.992385392385392 0.992385392385392
"123" 1 0.999057788944724 0.999057788944724
"124" 1 0.98291803792509 0.98291803792509
"125" 1 0.983024206224458 0.983024206224458
"126" 1 0.995947630922693 0.995947630922693
"127" 1 0.995511530722798 0.995511530722798
"128" NA NA NA
"129" 1 0.969532620832669 0.969532620832669
"130" 1 0.995004683109585 0.995004683109585
"131" NA NA NA
"132" 1 0.988981583503856 0.988981583503856
"133" 1 0.997057001239157 0.997057001239157
"134" 1 0.98975791433892 0.98975791433892
"135" 1 0.989386608397066 0.989386608397066
"136" 1 0.988621997471555 0.988621997471555
"137" 1 0.978407135033641 0.978407135033641
"138" 1 0.988616600790514 0.988616600790514
"139" NA NA NA
"140" 1 0.9826224328594 0.9826224328594
"141" 1 0.984037558685446 0.984037558685446
"142" 1 0.994303797468354 0.994303797468354
"143" 1 0.999073359073359 0.999073359073359
"144" 1 0.996686651940675 0.996686651940675
"145" 1 0.99025616847399 0.99025616847399
"146" 1 0.99361669002024 0.99361669002024
"147" 1 0.998437011566114 0.998437011566114
"148" 1 0.990891959798995 0.990891959798995
"149" 1 0.972090823084201 0.972090823084201
"150" 1 0.99920584498094 0.99920584498094
"151" 1 0.996234703482899 0.996234703482899
"152" 1 0.964683723120389 0.964683723120389
"153" 1 0.998902993261244 0.998902993261244
"154" NA NA NA
"155" 1 0.985807860262009 0.985807860262009
"156" NA NA NA
"157" 1 0.997974131213963 0.997974131213963
"158" 1 0.993732372297086 0.993732372297086
"159" 1 0.992335366807446 0.992335366807446
"160" NA NA NA
"161" 1 0.995767361655432 0.995767361655432
"162" 1 0.984855655466162 0.984855655466162
"163" 1 0.984523057485787 0.984523057485787
"164" 1 0.993690851735016 0.993690851735016
"165" NA NA NA
"166" 1 0.965697122984508 0.965697122984508
"167" 1 0.989458998604867 0.989458998604867
"168" 1 0.997622067216233 0.997622067216233
"169" 1 0.995001562011871 0.995001562011871
"170" 1 0.99874213836478 0.99874213836478
"171" 1 0.979006736644211 0.979006736644211
"172" 1 0.98693736229147 0.98693736229147
"173" 1 0.988795518207283 0.988795518207283
"174" 1 0.991848252077128 0.991848252077128
"175" 1 0.993441599000625 0.993441599000625
"176" 1 0.999070919789409 0.999070919789409
"177" 1 0.995489891135303 0.995489891135303
"178" 1 0.966946069903527 0.966946069903527
"179" 1 0.974926481968735 0.974926481968735
"180" 1 0.985871271585557 0.985871271585557
"181" 1 0.994502905607036 0.994502905607036
"182" 1 0.992564467647524 0.992564467647524
"183" 1 0.992003762935089 0.992003762935089
"184" 1 0.994771034701315 0.994771034701315
"185" 1 0.987197724039829 0.987197724039829
"186" 1 0.994176896443185 0.994176896443185
"187" 1 0.996824388694824 0.996824388694824
"188" 1 0.995805499456268 0.995805499456268
"189" 1 0.995584988962472 0.995584988962472
"190" 1 0.994264776166959 0.994264776166959
"191" 1 0.974719544951809 0.974719544951809
"192" 1 0.977077810697022 0.977077810697022
"193" 1 0.994846970643348 0.994846970643348
"194" 1 0.982236638863145 0.982236638863145
"195" 1 0.990583804143126 0.990583804143126
"196" 1 0.996904503946757 0.996904503946757
"197" 1 0.988480697384807 0.988480697384807
"198" 1 0.998409922086182 0.998409922086182
"199" 1 0.981577704298536 0.981577704298536
"200" 1 1 1
"201" 1 0.993910256410256 0.993910256410256
"202" 1 0.984883902134954 0.984883902134954
"203" 1 0.994255624700814 0.994255624700814
"204" 1 0.997219647822057 0.997219647822057
"205" 1 0.9921875 0.9921875
"206" 1 0.995037220843672 0.995037220843672
"207" 1 0.991356690847353 0.991356690847353
"208" 1 0.990438871473354 0.990438871473354
"209" 1 0.985130111524164 0.985130111524164
"210" 1 0.977483860809321 0.977483860809321
"211" 1 0.99265625 0.99265625
"212" 1 0.990405787983643 0.990405787983643
"213" 1 0.973416731821736 0.973416731821736
"214" 1 0.99653434152489 0.99653434152489
"215" 1 0.99718574108818 0.99718574108818
"216" 1 0.96125116713352 0.96125116713352
"217" 1 0.989865918303711 0.989865918303711
"218" 1 0.982984701842023 0.982984701842023
"219" 1 0.990053678560152 0.990053678560152
"220" 1 0.980599369085174 0.980599369085174
"221" 1 0.994834872437001 0.994834872437001
"222" NA NA NA
"223" 1 0.994200626959248 0.994200626959248
"224" 1 0.996087024573486 0.996087024573486
"225" 1 0.979037267080745 0.979037267080745
"226" 1 0.990768267876702 0.990768267876702
"227" 1 1 1
"228" 1 0.994467277900727 0.994467277900727
"229" 1 0.97944339025933 0.97944339025933
"230" 1 0.992164237580317 0.992164237580317
"231" NA NA NA
"232" 1 0.978897637795276 0.978897637795276
"233" 1 0.993657840494688 0.993657840494688
"234" 1 0.998428414269998 0.998428414269998
"235" 1 0.99874686716792 0.99874686716792
"236" 1 0.994167717528373 0.994167717528373
"237" 1 0.993995891926055 0.993995891926055
"238" 1 0.961748633879781 0.961748633879781
"239" 1 0.996250585845962 0.996250585845962
"240" NA NA NA
"241" 1 0.980661260137243 0.980661260137243
"242" 1 0.975150364039253 0.975150364039253
"243" 1 0.996887643946467 0.996887643946467
"244" 1 0.995954566671853 0.995954566671853
"245" 1 0.992285141181916 0.992285141181916
"246" 1 0.984879834473977 0.984879834473977
"247" 1 0.995150946347568 0.995150946347568
"248" 1 0.997648534253018 0.997648534253018
"249" 1 0.995965238981999 0.995965238981999
"250" 1 0.996700706991359 0.996700706991359
"251" 1 0.99244094488189 0.99244094488189
"252" 1 0.984121993397265 0.984121993397265
"253" 1 0.986953062848051 0.986953062848051
"254" 1 0.971572962728996 0.971572962728996
"255" 1 0.993434422385493 0.993434422385493
"256" 1 0.997817274711568 0.997817274711568
"257" 1 0.997814889964102 0.997814889964102
"258" 1 0.982806691449814 0.982806691449814
"259" 1 0.99953095684803 0.99953095684803
"260" 1 0.992944496707432 0.992944496707432
"261" 1 0.989284050318372 0.989284050318372
"262" 1 0.990706319702602 0.990706319702602
"263" 1 0.990747879722436 0.990747879722436
"264" 1 0.994807238394965 0.994807238394965
"265" 1 0.993385826771654 0.993385826771654
"266" 1 0.985374202582854 0.985374202582854
"267" 1 0.982000313038034 0.982000313038034
"268" 1 0.98849487785658 0.98849487785658
"269" 1 0.992923415631389 0.992923415631389
"270" 1 0.993237930492216 0.993237930492216
"271" 1 0.992484734617191 0.992484734617191
"272" 1 0.998136356577108 0.998136356577108
"273" 1 0.991657654874092 0.991657654874092
"274" 1 0.99604992889872 0.99604992889872
"275" 1 0.989265982636148 0.989265982636148
"276" 1 0.993901485535575 0.993901485535575
"277" 1 0.989198497182217 0.989198497182217
"278" 1 0.999532054281703 0.999532054281703
"279" 1 0.997340009388202 0.997340009388202
"280" 1 0.993120700437774 0.993120700437774
"281" 1 0.989460236346215 0.989460236346215
"282" 1 0.997972551466001 0.997972551466001
"283" 1 0.99534306116113 0.99534306116113
"284" 1 0.985002343383846 0.985002343383846
"285" NA NA NA
"286" 1 0.997180892717306 0.997180892717306
"287" NA NA NA
"288" 1 0.995091053048298 0.995091053048298
"289" 1 0.989149237301463 0.989149237301463
"290" 1 0.981429463171036 0.981429463171036
"291" 1 0.993439550140581 0.993439550140581
"292" 1 0.994538929630208 0.994538929630208
"293" NA NA NA
"294" 1 0.978644382544104 0.978644382544104
"295" 1 0.993303223796916 0.993303223796916
"296" 1 0.992604248623131 0.992604248623131
"297" 1 0.987472596304416 0.987472596304416
"298" 1 0.98749413787713 0.98749413787713
"299" 1 0.991485335856197 0.991485335856197
"300" 1 0.9915625 0.9915625
"301" 1 0.99272957167694 0.99272957167694
"302" 1 0.999061620269002 0.999061620269002
"303" 1 0.985249801744647 0.985249801744647
"304" 1 0.999844042420462 0.999844042420462
"305" 1 0.994963802329241 0.994963802329241
"306" 1 0.994364433312461 0.994364433312461
"307" 1 0.996673003802281 0.996673003802281
"308" 1 0.975992468225326 0.975992468225326
"309" 1 0.992593759848724 0.992593759848724
"310" 1 0.997007402740589 0.997007402740589
"311" 1 0.975636942675159 0.975636942675159
"312" 1 0.997816593886463 0.997816593886463
"313" 1 0.992985190958691 0.992985190958691
"314" 1 0.990920475892298 0.990920475892298
"315" 1 0.995952677459527 0.995952677459527
"316" 1 0.977212006914977 0.977212006914977
"317" 1 0.999684343434343 0.999684343434343
"318" 1 0.98994185132799 0.98994185132799
"319" 1 0.987936706877644 0.987936706877644
"320" 1 0.981977746434728 0.981977746434728
"321" 1 0.991013325069724 0.991013325069724
"322" 1 0.981161943960741 0.981161943960741
"323" 1 0.988689185001549 0.988689185001549
"324" 1 0.99671464330413 0.99671464330413
"325" 1 0.992525445292621 0.992525445292621
"326" NA NA NA
"327" 1 0.993843725335438 0.993843725335438
"328" 1 0.998747455769532 0.998747455769532
"329" 1 0.984379881287098 0.984379881287098
"330" 1 0.981648522550544 0.981648522550544
"331" 1 0.995925403541765 0.995925403541765
"332" 1 0.988932190179267 0.988932190179267
"333" 1 0.998577075098814 0.998577075098814
"334" 1 0.99827694235589 0.99827694235589
"335" 1 0.994893073731248 0.994893073731248
"336" NA NA NA
"337" 1 0.978210116731517 0.978210116731517
"338" 1 0.989853262566344 0.989853262566344
"339" 1 0.992797870674808 0.992797870674808
"340" 1 0.985539138635649 0.985539138635649
"341" 1 0.981247069854665 0.981247069854665
"342" 1 0.998271527341295 0.998271527341295
"343" 1 0.99393468118196 0.99393468118196
"344" 1 0.997816253314616 0.997816253314616
"345" 1 0.995750039351488 0.995750039351488
"346" 1 0.997482297403619 0.997482297403619
"347" 1 0.988682170542636 0.988682170542636
"348" 1 0.982276119402985 0.982276119402985
"349" 1 0.994708994708995 0.994708994708995
"350" 1 0.989682663748632 0.989682663748632
"351" 1 0.986290576741254 0.986290576741254
"352" 1 0.976986128625473 0.976986128625473
"353" 1 0.982815185127324 0.982815185127324
"354" 1 0.984469638142569 0.984469638142569
"355" 1 0.983260325406758 0.983260325406758
"356" 1 0.982274509803922 0.982274509803922
"357" 1 0.998760074395536 0.998760074395536
"358" 1 0.987065606981456 0.987065606981456
"359" 1 0.999375975039002 0.999375975039002
"360" 1 0.996059268600252 0.996059268600252
"361" 1 0.970864661654135 0.970864661654135
"362" 1 0.994214229867084 0.994214229867084
"363" 1 0.991987431264729 0.991987431264729
"364" 1 0.99341899091194 0.99341899091194
"365" 1 0.987427314159987 0.987427314159987
"366" 1 0.985904463586531 0.985904463586531
"367" 1 0.981020535158681 0.981020535158681
"368" 1 0.99714240355612 0.99714240355612
"369" 1 0.993342622697012 0.993342622697012
"370" 1 0.996371667455435 0.996371667455435
"371" 1 0.987450980392157 0.987450980392157
"372" 1 0.98396316290886 0.98396316290886
"373" 1 0.987343800064082 0.987343800064082
"374" 1 0.99261586802828 0.99261586802828
"375" 1 0.984945899325702 0.984945899325702
"376" 1 0.980370252154484 0.980370252154484
"377" 1 1 1
"378" 1 0.991684970191403 0.991684970191403
"379" 1 0.99671412924425 0.99671412924425
"380" 1 0.995808755045017 0.995808755045017
"381" 1 0.994375 0.994375
"382" 1 0.987037622510275 0.987037622510275
"383" 1 0.991169977924945 0.991169977924945
"384" 1 0.981361554256831 0.981361554256831
"385" 1 0.998443579766537 0.998443579766537
"386" 1 0.97848955880044 0.97848955880044
"387" 1 0.984291548853283 0.984291548853283
"388" 1 0.983469773299748 0.983469773299748
"389" 1 0.987331749802059 0.987331749802059
"390" 1 0.986613545816733 0.986613545816733
"391" 1 0.997663915277994 0.997663915277994
"392" 1 0.994509803921569 0.994509803921569
"393" 1 0.993217665615142 0.993217665615142
"394" 1 0.994987468671679 0.994987468671679
"395" 1 0.992448080553807 0.992448080553807
"396" 1 0.976220672162334 0.976220672162334
"397" 1 0.97571043022702 0.97571043022702
"398" 1 0.994153894770106 0.994153894770106
"399" 1 0.99811320754717 0.99811320754717
"400" 1 0.998142414860681 0.998142414860681
"401" 1 0.993081761006289 0.993081761006289
"402" 1 0.989591547074594 0.989591547074594
"403" 1 0.967246513085723 0.967246513085723
"404" 1 0.991876269332917 0.991876269332917
"405" 1 0.988207913110939 0.988207913110939
"406" 1 0.983235805788392 0.983235805788392
"407" 1 0.982232704402516 0.982232704402516
"408" 1 0.997159090909091 0.997159090909091
"409" 1 0.976333228147681 0.976333228147681
"410" 1 0.997504678727386 0.997504678727386
"411" 1 0.971761055081458 0.971761055081458
"412" 1 0.995829471733086 0.995829471733086
"413" 1 0.983932548520522 0.983932548520522
"414" 1 0.999690546185982 0.999690546185982
"415" 1 0.977591036414566 0.977591036414566
"416" 1 0.976932866687878 0.976932866687878
"417" 1 0.981041181041181 0.981041181041181
"418" 1 0.992348532167395 0.992348532167395
"419" 1 0.990522824198389 0.990522824198389
"420" 1 1 1
"421" 1 0.997635188396658 0.997635188396658
"422" 1 0.992113808566569 0.992113808566569
"423" 1 0.992933417085427 0.992933417085427
"424" 1 0.989946591266101 0.989946591266101
"425" 1 1 1
"426" 1 0.991520100502513 0.991520100502513
"427" 1 0.974200696422919 0.974200696422919
"428" 1 0.996715157203191 0.996715157203191
"429" 1 0.974922118380062 0.974922118380062
"430" 1 0.97813434009753 0.97813434009753
"431" 1 0.98388862818708 0.98388862818708
"432" 1 0.984702728276297 0.984702728276297
"433" 1 0.980316181029138 0.980316181029138
"434" 1 0.996414653156664 0.996414653156664
"435" 1 0.991708385481852 0.991708385481852
"436" NA NA NA
"437" 1 0.990425364934861 0.990425364934861
"438" 1 0.981057616416732 0.981057616416732
"439" 1 0.975465838509317 0.975465838509317
"440" 1 0.993972081218274 0.993972081218274
"441" 1 0.987826086956522 0.987826086956522
"442" 1 0.989660034466552 0.989660034466552
"443" 1 0.997659541270089 0.997659541270089
"444" 1 0.99592795614722 0.99592795614722
"445" 1 0.997201927561014 0.997201927561014
"446" 1 0.985673803526448 0.985673803526448
"447" 1 0.998902477265601 0.998902477265601
"448" 1 0.994977240621566 0.994977240621566
"449" 1 0.980273623926185 0.980273623926185
"450" 1 0.989815104982764 0.989815104982764
"451" 1 0.995741324921136 0.995741324921136
"452" 1 0.990979585377433 0.990979585377433
"453" 1 0.973993420021933 0.973993420021933
"454" 1 0.981091134531928 0.981091134531928
"455" 1 0.989745183343692 0.989745183343692
"456" 1 0.988930464608669 0.988930464608669
"457" 1 0.99667458432304 0.99667458432304
"458" 1 0.993752928314852 0.993752928314852
"459" 1 0.98828125 0.98828125
"460" 1 0.998738965952081 0.998738965952081
"461" 1 0.997651111807078 0.997651111807078
"462" 1 0.983878541242761 0.983878541242761
"463" 1 0.982206961136257 0.982206961136257
"464" 1 0.969796557120501 0.969796557120501
"465" NA NA NA
"466" 1 0.99580223880597 0.99580223880597
"467" 1 0.989424572317263 0.989424572317263
"468" 1 0.9971572962729 0.9971572962729
"469" 1 0.998144712430427 0.998144712430427
"470" 1 0.996372239747634 0.996372239747634
"471" 1 0.992663128317203 0.992663128317203
"472" 1 0.999683894420737 0.999683894420737
"473" NA NA NA
"474" 1 0.98181248040138 0.98181248040138
"475" 1 0.992630918783318 0.992630918783318
"476" 1 0.993787855257028 0.993787855257028
"477" 1 0.995695839311334 0.995695839311334
"478" 1 0.965784888325677 0.965784888325677
"479" 1 0.994549135648653 0.994549135648653
"480" 1 0.999842693094227 0.999842693094227
"481" NA NA NA
"482" 1 0.987993138936535 0.987993138936535
"483" 1 0.991931656383484 0.991931656383484
"484" 1 0.992944496707432 0.992944496707432
"485" 1 0.988408037094281 0.988408037094281
"486" 1 0.996713615023474 0.996713615023474
"487" 1 0.996342239185751 0.996342239185751
"488" 1 0.967590418036637 0.967590418036637
"489" 1 0.99122532121592 0.99122532121592
"490" 1 0.994144643139737 0.994144643139737
"491" 1 0.988552610945586 0.988552610945586
"492" 1 0.971606864274571 0.971606864274571
"493" 1 0.999379652605459 0.999379652605459
"494" 1 0.989827373612824 0.989827373612824
"495" 1 0.987808690215692 0.987808690215692
"496" 1 0.989690721649485 0.989690721649485
"497" 1 0.997972235220714 0.997972235220714
"498" 1 0.983322744599746 0.983322744599746
"499" 1 0.981680353758686 0.981680353758686
"500" 1 0.986677240285488 0.986677240285488
"501" 1 0.972896312637882 0.972896312637882
"502" 1 0.992198470900296 0.992198470900296
"503" 1 0.992953335421234 0.992953335421234
"504" 1 0.999372844151772 0.999372844151772
"505" 1 0.992620505573873 0.992620505573873
"506" NA NA NA
"507" 1 0.996527229676401 0.996527229676401
"508" 1 0.994952681388013 0.994952681388013
"509" 1 0.980784375492204 0.980784375492204
"510" 1 0.989803921568627 0.989803921568627
"511" 1 0.999529264082849 0.999529264082849
"512" 1 0.998580665510172 0.998580665510172
"513" 1 0.98665410582509 0.98665410582509
"514" 1 0.999220090469506 0.999220090469506
"515" 1 0.997478726757012 0.997478726757012
"516" 1 0.991075622357914 0.991075622357914
"517" 1 0.997822706065319 0.997822706065319
"518" 1 0.990213101815312 0.990213101815312
"519" 1 0.986744516332649 0.986744516332649
"520" 1 0.99052731291443 0.99052731291443
"521" NA NA NA
"522" 1 0.998753505765036 0.998753505765036
"523" 1 0.992634383325498 0.992634383325498
"524" 1 0.981093429966914 0.981093429966914
"525" 1 0.99296435272045 0.99296435272045
"526" 1 0.977937724925677 0.977937724925677
"527" 1 0.995271867612293 0.995271867612293
"528" 1 0.990196078431373 0.990196078431373
"529" NA NA NA
"530" NA NA NA
"531" 1 0.988638156856557 0.988638156856557
"532" 1 0.99872975547793 0.99872975547793
"533" NA NA NA
"534" NA NA NA
"535" 1 0.996599165249652 0.996599165249652
"536" 1 0.986632718014004 0.986632718014004
"537" 1 0.991263650546022 0.991263650546022
"538" 1 0.972989851678376 0.972989851678376
"539" 1 0.971147847785402 0.971147847785402
"540" 1 0.990566037735849 0.990566037735849
"541" 1 0.984576244235968 0.984576244235968
"542" 1 0.989065916900968 0.989065916900968
"543" 1 0.991540028199906 0.991540028199906
"544" 1 0.981293842556508 0.981293842556508
"545" 1 0.994653247365938 0.994653247365938
"546" NA NA NA
"547" 1 0.970751867747576 0.970751867747576
"548" 1 0.983492063492064 0.983492063492064
"549" NA NA NA
"550" 1 0.993262300219367 0.993262300219367
"551" 1 0.98622201346485 0.98622201346485
"552" 1 0.992786576760232 0.992786576760232
"553" 1 0.976194205168363 0.976194205168363
"554" 1 0.993118548639349 0.993118548639349
"555" 1 0.976356050069541 0.976356050069541
"556" NA NA NA
"557" 1 0.991957104557641 0.991957104557641
"558" 1 0.999687157828875 0.999687157828875
"559" 1 0.977194626679163 0.977194626679163
"560" 1 0.991809733816349 0.991809733816349
"561" 1 0.99607535321821 0.99607535321821
"562" 1 0.995629779928204 0.995629779928204
"563" 1 0.986990322068856 0.986990322068856
"564" 1 0.99936948297604 0.99936948297604
"565" 1 0.981583503856446 0.981583503856446
"566" 1 0.995359257481197 0.995359257481197
"567" 1 0.99544669492856 0.99544669492856
"568" 1 1 1
"569" 1 0.989952153110048 0.989952153110048
"570" 1 0.997501171325941 0.997501171325941
"571" 1 0.997494126859828 0.997494126859828
"572" 1 0.991656171284635 0.991656171284635
"573" 1 0.995611973044977 0.995611973044977
"574" 1 0.982976040353089 0.982976040353089
"575" NA NA NA
"576" NA NA NA
"577" 1 0.997212759368226 0.997212759368226
"578" 1 0.998112020138452 0.998112020138452
"579" 1 0.998424204223133 0.998424204223133
"580" NA NA NA
"581" 1 0.994206982934085 0.994206982934085
"582" 1 0.993225145738144 0.993225145738144
"583" 1 0.994163117210917 0.994163117210917
"584" 1 0.994544037412315 0.994544037412315
"585" 1 0.99232095282871 0.99232095282871
"586" 1 0.982467028704422 0.982467028704422
"587" 1 0.995423702067224 0.995423702067224
"588" 1 0.996197718631179 0.996197718631179
"589" 1 0.98560809742211 0.98560809742211
"590" 1 0.983850931677019 0.983850931677019
"591" 1 0.989940270355234 0.989940270355234
"592" 1 0.997943363391868 0.997943363391868
"593" 1 0.998907444982051 0.998907444982051
"594" NA NA NA
"595" 1 0.982234689107059 0.982234689107059
"596" 1 0.995135728856112 0.995135728856112
"597" NA NA NA
"598" 1 0.984451075859903 0.984451075859903
"599" 1 0.981774960380349 0.981774960380349
"600" 1 0.999221910986617 0.999221910986617
"601" 1 0.976408505354648 0.976408505354648
"602" 1 0.991650913673598 0.991650913673598
"603" 1 0.981965174129353 0.981965174129353
"604" 1 0.976496396114071 0.976496396114071
"605" 1 0.975829383886256 0.975829383886256
"606" 1 0.984761312393096 0.984761312393096
"607" 1 0.991692789968652 0.991692789968652
"608" 1 0.985482089316711 0.985482089316711
"609" 1 0.975418819477063 0.975418819477063
"610" 1 0.997662459093034 0.997662459093034
"611" 1 0.991129785247432 0.991129785247432
"612" 1 0.981075540135625 0.981075540135625
"613" 1 0.988136122385264 0.988136122385264
"614" 1 0.992854923889407 0.992854923889407
"615" 1 0.983338572775857 0.983338572775857
"616" 1 0.997505456813221 0.997505456813221
"617" 1 0.992900138910326 0.992900138910326
"618" 1 0.998097352148407 0.998097352148407
"619" 1 0.972863381160324 0.972863381160324
"620" 1 0.995437382001259 0.995437382001259
"621" 1 0.995311034698343 0.995311034698343
"622" 1 0.997324098850937 0.997324098850937
"623" 1 0.981403344272543 0.981403344272543
"624" 1 0.998104564839678 0.998104564839678
"625" 1 0.991186654076172 0.991186654076172
"626" 1 0.958333333333333 0.958333333333333
"627" NA NA NA
"628" 1 0.991063029162747 0.991063029162747
"629" 1 0.963243413787664 0.963243413787664
"630" 1 0.989648682559598 0.989648682559598
"631" 1 0.999843578914438 0.999843578914438
"632" 1 0.995558375634518 0.995558375634518
"633" 1 0.993765586034913 0.993765586034913
"634" 1 0.987033034887311 0.987033034887311
"635" 1 0.99765625 0.99765625
"636" 1 0.997036343784121 0.997036343784121
"637" 1 0.991247264770241 0.991247264770241
"638" 1 0.97516608668143 0.97516608668143
"639" 1 0.982964496099347 0.982964496099347
"640" 1 0.988125 0.988125
"641" 1 0.99843038769424 0.99843038769424
"642" 1 0.986852402566912 0.986852402566912
"643" 1 0.987685113016368 0.987685113016368
"644" 1 0.994176896443185 0.994176896443185
"645" 1 0.98635080012551 0.98635080012551
"646" 1 0.995472994068061 0.995472994068061
"647" 1 0.989563862928349 0.989563862928349
"648" 1 0.996093139553055 0.996093139553055
"649" 1 0.973547472838923 0.973547472838923
"650" 1 1 1
"651" 1 0.993517786561265 0.993517786561265
"652" NA NA NA
"653" 1 0.996701225259189 0.996701225259189
"654" 1 0.970035708740879 0.970035708740879
"655" 1 0.994829207145096 0.994829207145096
"656" 1 0.98757275444392 0.98757275444392
"657" 1 0.992705261524135 0.992705261524135
"658" 1 0.991597970830691 0.991597970830691
"659" 1 0.983485372758729 0.983485372758729
"660" 1 0.994257457329718 0.994257457329718
"661" 1 0.993913857677903 0.993913857677903
"662" 1 0.978413890192398 0.978413890192398
"663" 1 0.966043613707165 0.966043613707165
"664" 1 0.988694440142481 0.988694440142481
"665" NA NA NA
"666" 1 0.984565014031805 0.984565014031805
"667" 1 0.991398185799187 0.991398185799187
"668" 1 0.991082802547771 0.991082802547771
"669" 1 0.988942532315839 0.988942532315839
"670" 1 0.997786211258697 0.997786211258697
"671" 1 0.999533871970168 0.999533871970168
"672" 1 0.992622822162926 0.992622822162926
"673" 1 0.998278829604131 0.998278829604131
"674" 1 0.981884057971015 0.981884057971015
"675" 1 0.999845464379539 0.999845464379539
"676" 1 0.990681782885541 0.990681782885541
"677" 1 0.994563529046288 0.994563529046288
"678" 1 0.98816474672558 0.98816474672558
"679" 1 0.994842138168178 0.994842138168178
"680" 1 0.997977598008712 0.997977598008712
"681" 1 0.994354712247138 0.994354712247138
"682" 1 0.995891276864728 0.995891276864728
"683" 1 0.992741044658356 0.992741044658356
"684" 1 0.981889763779528 0.981889763779528
"685" 1 0.998440180939011 0.998440180939011
"686" 1 0.99812030075188 0.99812030075188
"687" 1 0.990094339622641 0.990094339622641
"688" 1 0.982920714509558 0.982920714509558
"689" 1 0.987731014132629 0.987731014132629
"690" NA NA NA
"691" 1 0.990919054329106 0.990919054329106
"692" 1 0.997333751568381 0.997333751568381
"693" 1 0.992604248623131 0.992604248623131
"694" 1 0.992438563327032 0.992438563327032
"695" 1 0.993576688077706 0.993576688077706
"696" 1 0.977276338789131 0.977276338789131
"697" 1 0.994234065762817 0.994234065762817
"698" NA NA NA
"699" 1 0.999058528165699 0.999058528165699
"700" 1 0.978683678232457 0.978683678232457
"701" 1 0.988575055537924 0.988575055537924
"702" 1 0.998423458931105 0.998423458931105
"703" 1 0.992263972213451 0.992263972213451
"704" 1 0.988590184432635 0.988590184432635
"705" 1 0.991926547411746 0.991926547411746
"706" 1 0.990921897010487 0.990921897010487
"707" 1 0.98731798966651 0.98731798966651
"708" 1 0.989609571788413 0.989609571788413
"709" 1 0.996884249883159 0.996884249883159
"710" 1 0.990720352312048 0.990720352312048
"711" 1 0.979337539432177 0.979337539432177
"712" 1 0.990689013035382 0.990689013035382
"713" 1 0.993050071078818 0.993050071078818
"714" 1 0.998741346758968 0.998741346758968
"715" 1 0.983926342072409 0.983926342072409
"716" 1 0.993288590604027 0.993288590604027
"717" 1 0.997474747474748 0.997474747474748
"718" 1 0.994272987591473 0.994272987591473
"719" 1 0.987739704495442 0.987739704495442
"720" 1 0.99453125 0.99453125
"721" 1 0.997349961028839 0.997349961028839
"722" 1 0.980814593489542 0.980814593489542
"723" 1 0.99701726844584 0.99701726844584
"724" 1 0.995031827356001 0.995031827356001
"725" 1 0.994966970745517 0.994966970745517
"726" 1 0.998287937743191 0.998287937743191
"727" 1 0.989858012170385 0.989858012170385
"728" 1 0.982106419714331 0.982106419714331
"729" 1 0.998283127828937 0.998283127828937
"730" 1 0.991274540355251 0.991274540355251
"731" 1 0.984617799403547 0.984617799403547
"732" 1 0.988021082894106 0.988021082894106
"733" 1 0.987223974763407 0.987223974763407
"734" 1 0.995909376966646 0.995909376966646
"735" 1 0.993059936908517 0.993059936908517
"736" 1 0.975748031496063 0.975748031496063
"737" 1 0.999216669277769 0.999216669277769
"738" 1 0.985163204747775 0.985163204747775
"739" 1 0.99231613611416 0.99231613611416
"740" 1 0.996435766310243 0.996435766310243
"741" 1 0.971082089552239 0.971082089552239
"742" 1 0.989570361145704 0.989570361145704
"743" 1 0.984469096671949 0.984469096671949
"744" 1 0.994996090695856 0.994996090695856
"745" 1 0.996053047047679 0.996053047047679
"746" 1 0.967451414125454 0.967451414125454
"747" 1 0.992317340859204 0.992317340859204
"748" 1 0.988907983127636 0.988907983127636
"749" 1 0.994675019577134 0.994675019577134
"750" 1 0.995143349522168 0.995143349522168
"751" NA NA NA
"752" 1 0.992708828657473 0.992708828657473
"753" NA NA NA
"754" 1 0.990974167444756 0.990974167444756
"755" 1 0.994832445975572 0.994832445975572
"756" 1 0.986938267765511 0.986938267765511
"757" 1 0.997823044627585 0.997823044627585
"758" 1 0.986921850079745 0.986921850079745
"759" 1 0.97994631296384 0.97994631296384
"760" NA NA NA
"761" 1 0.979195777053253 0.979195777053253
"762" 1 0.99582560296846 0.99582560296846
"763" 1 0.992233612923268 0.992233612923268
"764" 1 0.98090692124105 0.98090692124105
"765" 1 0.987893081761006 0.987893081761006
"766" 1 0.977215587680704 0.977215587680704
"767" 1 0.986297103706011 0.986297103706011
"768" 1 0.976093111041208 0.976093111041208
"769" 1 0.984841381465854 0.984841381465854
"770" 1 0.985718769617075 0.985718769617075
"771" 1 0.99688133478871 0.99688133478871
"772" 1 0.997650007833307 0.997650007833307
"773" 1 0.99813838039094 0.99813838039094
"774" 1 0.988516595878559 0.988516595878559
"775" 1 0.99022952853598 0.99022952853598
"776" 1 0.98806907378336 0.98806907378336
"777" 1 0.998591328846455 0.998591328846455
"778" 1 0.995153220762977 0.995153220762977
"779" 1 0.999840865690643 0.999840865690643
"780" NA NA NA
"781" 1 0.984012539184953 0.984012539184953
"782" 1 0.978706989662089 0.978706989662089
"783" 1 0.998270983967306 0.998270983967306
"784" 1 0.993808049535604 0.993808049535604
"785" 1 0.997348721147848 0.997348721147848
"786" 1 0.988334111059263 0.988334111059263
"787" 1 0.984564498346196 0.984564498346196
"788" 1 0.983808189319633 0.983808189319633
"789" 1 0.974156949259376 0.974156949259376
"790" 1 0.981312814070352 0.981312814070352
"791" 1 0.988907983127636 0.988907983127636
"792" 1 0.996200728193763 0.996200728193763
"793" 1 0.992948918834221 0.992948918834221
"794" 1 0.976350822239624 0.976350822239624
"795" 1 0.986541471048513 0.986541471048513
"796" 1 0.973104749921359 0.973104749921359
"797" 1 0.999687059928024 0.999687059928024
"798" 1 0.99557801642451 0.99557801642451
"799" 1 0.999685088962368 0.999685088962368
"800" 1 0.998912705809258 0.998912705809258
"801" 1 0.98683395291202 0.98683395291202
"802" 1 0.988985417313062 0.988985417313062
"803" 1 0.998591108328115 0.998591108328115
"804" 1 0.999530369442705 0.999530369442705
"805" 1 0.997939124920736 0.997939124920736
"806" NA NA NA
"807" 1 0.984769979588632 0.984769979588632
"808" 1 0.996072887213321 0.996072887213321
"809" 1 0.990817120622568 0.990817120622568
"810" 1 0.975675248775865 0.975675248775865
"811" 1 0.993159401845371 0.993159401845371
"812" 1 0.995460237946149 0.995460237946149
"813" 1 0.981066582518144 0.981066582518144
"814" 1 0.996495140990919 0.996495140990919
"815" NA NA NA
"816" 1 0.981884057971015 0.981884057971015
"817" 1 0.991212929546524 0.991212929546524
"818" 1 0.988179669030733 0.988179669030733
"819" 1 0.989539422326308 0.989539422326308
"820" 1 0.998905737064249 0.998905737064249
"821" 1 0.984402355562629 0.984402355562629
"822" 1 0.997204968944099 0.997204968944099
"823" 1 0.98689138576779 0.98689138576779
"824" 1 0.98567154778775 0.98567154778775
"825" 1 0.990769712140175 0.990769712140175
"826" 1 0.985415345592898 0.985415345592898
"827" 1 0.989940270355234 0.989940270355234
"828" 1 0.993920972644377 0.993920972644377
"829" 1 0.975039001560062 0.975039001560062
"830" 1 0.959295071740487 0.959295071740487
"831" 1 0.981826654240447 0.981826654240447
"832" 1 0.98693736229147 0.98693736229147
"833" 1 0.988404888749608 0.988404888749608
"834" 1 0.973935155753338 0.973935155753338
"835" 1 0.991690185010975 0.991690185010975
"836" 1 0.999377334993773 0.999377334993773
"837" NA NA NA
"838" 1 0.999381761978362 0.999381761978362
"839" 1 0.997469955724225 0.997469955724225
"840" 1 0.990031152647975 0.990031152647975
"841" 1 0.993298004987531 0.993298004987531
"842" 1 0.988629185091598 0.988629185091598
"843" NA NA NA
"844" 1 0.976594407791392 0.976594407791392
"845" 1 0.979872054922765 0.979872054922765
"846" 1 0.974076373796957 0.974076373796957
"847" 1 0.982137261046694 0.982137261046694
"848" 1 0.987923462986198 0.987923462986198
"849" 1 0.985944409349337 0.985944409349337
"850" 1 0.995644734795458 0.995644734795458
"851" 1 0.984379930577469 0.984379930577469
"852" 1 0.98567201370503 0.98567201370503
"853" 1 0.995936865135177 0.995936865135177
"854" 1 0.989313217035989 0.989313217035989
"855" 1 0.972541110766367 0.972541110766367
"856" 1 0.985871271585557 0.985871271585557
"857" 1 0.998094330633635 0.998094330633635
"858" 1 0.998272613065327 0.998272613065327
"859" 1 0.989894204958156 0.989894204958156
"860" 1 0.998905565978737 0.998905565978737
"861" 1 1 1
"862" 1 0.987689393939394 0.987689393939394
"863" 1 0.986106774898533 0.986106774898533
"864" 1 0.991658797607806 0.991658797607806
"865" 1 0.997832146175286 0.997832146175286
"866" 1 0.982423101067169 0.982423101067169
"867" 1 0.990753800344774 0.990753800344774
"868" 1 0.990523535808607 0.990523535808607
"869" 1 0.989169675090253 0.989169675090253
"870" 1 0.985668053629219 0.985668053629219
"871" 1 0.980654293803083 0.980654293803083
"872" 1 0.96721568627451 0.96721568627451
"873" 1 0.995330739299611 0.995330739299611
"874" 1 0.99479331019249 0.99479331019249
"875" 1 0.998920419494139 0.998920419494139
"876" 1 0.994482106258868 0.994482106258868
"877" NA NA NA
"878" 1 0.995488487865588 0.995488487865588
"879" 1 0.998440180939011 0.998440180939011
"880" 1 0.982497265197687 0.982497265197687
"881" NA NA NA
"882" 1 0.994710640945862 0.994710640945862
"883" 1 0.996523937430874 0.996523937430874
"884" 1 0.992761605035405 0.992761605035405
"885" 1 0.995913877101996 0.995913877101996
"886" 1 0.991199119911991 0.991199119911991
"887" 1 0.998602050326188 0.998602050326188
"888" 1 0.997941409342834 0.997941409342834
"889" 1 0.987521718527879 0.987521718527879
"890" 1 0.991193583896839 0.991193583896839
"891" 1 0.992128463476071 0.992128463476071
"892" NA NA NA
"893" 1 0.987339793685527 0.987339793685527
"894" 1 0.970368059887711 0.970368059887711
"895" 1 0.985654140028068 0.985654140028068
"896" 1 0.987609786700125 0.987609786700125
"897" 1 0.989597888526626 0.989597888526626
"898" NA NA NA
"899" 1 0.997777072086377 0.997777072086377
"900" 1 0.998760074395536 0.998760074395536
"901" 1 0.97753860552176 0.97753860552176
"902" NA NA NA
"903" 1 0.973642924380295 0.973642924380295
"904" 1 0.993076317859953 0.993076317859953
"905" NA NA NA
"906" 1 0.99470569915914 0.99470569915914
"907" 1 0.98714128900737 0.98714128900737
"908" NA NA NA
"909" NA NA NA
"910" 1 0.988054071046841 0.988054071046841
"911" 1 0.986111111111111 0.986111111111111
"912" 1 0.993741198560476 0.993741198560476
"913" 1 0.991285403050109 0.991285403050109
"914" 1 0.992798998121478 0.992798998121478
"915" NA NA NA
"916" 1 0.995470165573258 0.995470165573258
"917" 1 0.986111111111111 0.986111111111111
"918" 1 0.984712371946414 0.984712371946414
"919" 1 0.999209236122094 0.999209236122094
"920" 1 0.994403855122027 0.994403855122027
"921" 1 0.990310986091577 0.990310986091577
"922" 1 0.997645951035782 0.997645951035782
"923" 1 0.979045218213329 0.979045218213329
"924" 1 0.99167452089224 0.99167452089224
"925" 1 0.999843333855554 0.999843333855554
"926" 1 0.994154818325434 0.994154818325434
"927" 1 0.990957280947926 0.990957280947926
"928" 1 0.982207526373799 0.982207526373799
"929" 1 0.993916705662143 0.993916705662143
"930" 1 0.99041992655277 0.99041992655277
"931" 1 0.983542928116752 0.983542928116752
"932" 1 0.98871473354232 0.98871473354232
"933" 1 0.998900581121407 0.998900581121407
"934" 1 0.997930595351799 0.997930595351799
"935" 1 0.994811320754717 0.994811320754717
"936" 1 0.99843847595253 0.99843847595253
"937" 1 0.988388295401765 0.988388295401765
"938" 1 0.983489442768693 0.983489442768693
"939" 1 0.995928593798935 0.995928593798935
"940" NA NA NA
"941" 1 0.991095141384159 0.991095141384159
"942" 1 0.980693768639146 0.980693768639146
"943" 1 0.994486452425961 0.994486452425961
"944" 1 0.99780081683946 0.99780081683946
"945" 1 0.980745147150908 0.980745147150908
"946" NA NA NA
"947" 1 0.99815469783177 0.99815469783177
"948" 1 0.993251726302574 0.993251726302574
"949" 1 0.989021184475027 0.989021184475027
"950" 1 0.999065420560748 0.999065420560748
"951" 1 0.983161833489242 0.983161833489242
"952" 1 0.983855945358584 0.983855945358584
"953" 1 0.993567618449953 0.993567618449953
"954" 1 0.992267634527379 0.992267634527379
"955" NA NA NA
"956" 1 0.99214824120603 0.99214824120603
"957" 1 0.98240050737276 0.98240050737276
"958" 1 0.990301892695135 0.990301892695135
"959" NA NA NA
"960" 1 0.993945039590126 0.993945039590126
"961" 1 0.99827369742624 0.99827369742624
"962" 1 0.992267634527379 0.992267634527379
"963" 1 0.995805499456268 0.995805499456268
"964" 1 0.9884375 0.9884375
"965" NA NA NA
"966" 1 0.994707347447073 0.994707347447073
"967" 1 0.991732958976759 0.991732958976759
"968" 1 0.991373902132999 0.991373902132999
"969" 1 0.982608695652174 0.982608695652174
"970" 1 0.994492525570417 0.994492525570417
"971" 1 0.99701586304382 0.99701586304382
"972" 1 0.985248447204969 0.985248447204969
"973" 1 0.98571652801758 0.98571652801758
"974" 1 0.977368503199625 0.977368503199625
"975" 1 0.998585350518705 0.998585350518705
"976" 1 0.988916640649391 0.988916640649391
"977" 1 0.995478640473963 0.995478640473963
"978" 1 0.985060690943044 0.985060690943044
"979" 1 0.98553231640195 0.98553231640195
"980" 1 0.993128221146338 0.993128221146338
"981" 1 0.977700458643049 0.977700458643049
"982" 1 0.996411296614136 0.996411296614136
"983" 1 0.998898851659588 0.998898851659588
"984" NA NA NA
"985" 1 0.998900753768844 0.998900753768844
"986" 1 0.998420720151611 0.998420720151611
"987" 1 0.991506763133061 0.991506763133061
"988" 1 0.997181775481447 0.997181775481447
"989" 1 0.972853535353535 0.972853535353535
"990" 1 0.997336258226261 0.997336258226261
"991" 1 0.971370143149284 0.971370143149284
"992" 1 0.986905689789556 0.986905689789556
"993" 1 0.994329815719011 0.994329815719011
"994" 1 0.984558369363805 0.984558369363805
"995" 1 0.995324189526185 0.995324189526185
"996" 1 0.990132102498806 0.990132102498806
"997" 1 0.986788298206983 0.986788298206983
"998" 1 0.976303317535545 0.976303317535545
"999" 1 0.99438202247191 0.99438202247191
"1000" NA NA NA
