"V1" "V2" "V3"
"1" 1 0.875305623471883 0.875305623471883
"2" 1 0.920398009950249 0.920398009950249
"3" 1 0.995157384987893 0.995157384987893
"4" 1 0.957286432160804 0.957286432160804
"5" 1 0.973300970873786 0.973300970873786
"6" 1 0.903553299492386 0.903553299492386
"7" 1 0.928217821782178 0.928217821782178
"8" 1 0.973300970873786 0.973300970873786
"9" 1 0.943069306930693 0.943069306930693
"10" 1 0.953316953316953 0.953316953316953
"11" 1 0.904522613065327 0.904522613065327
"12" 1 0.872289156626506 0.872289156626506
"13" 1 0.994750656167979 0.994750656167979
"14" 1 0.90537084398977 0.90537084398977
"15" 1 0.984415584415584 0.984415584415584
"16" 1 0.968369829683698 0.968369829683698
"17" 1 0.935483870967742 0.935483870967742
"18" 1 0.930412371134021 0.930412371134021
"19" 1 0.982716049382716 0.982716049382716
"20" 1 0.9525 0.9525
"21" 0.926 0.99017199017199 0.914004914004914
"22" 1 0.947236180904523 0.947236180904523
"23" 1 0.852300242130751 0.852300242130751
"24" 1 0.964467005076142 0.964467005076142
"25" 0.936 0.99501246882793 0.935162094763092
"26" 1 0.99492385786802 0.99492385786802
"27" 1 0.934343434343434 0.934343434343434
"28" 1 0.916461916461916 0.916461916461916
"29" 1 0.923684210526316 0.923684210526316
"30" 1 1 1
"31" 1 0.932291666666667 0.932291666666667
"32" 1 0.951776649746193 0.951776649746193
"33" 1 0.987684729064039 0.987684729064039
"34" 0.888 0.979848866498741 0.858942065491184
"35" 1 0.961165048543689 0.961165048543689
"36" 0.93 0.975429975429975 0.909090909090909
"37" 1 1 1
"38" 1 0.937185929648241 0.937185929648241
"39" 1 0.995180722891566 0.995180722891566
"40" 1 0.970223325062035 0.970223325062035
"41" 0.87 0.972222222222222 0.856060606060606
"42" 1 0.9475 0.9475
"43" 0.974 0.977215189873418 0.954430379746835
"44" 1 0.974554707379135 0.974554707379135
"45" 0.824 0.978208232445521 0.806295399515738
"46" 1 0.915167095115681 0.915167095115681
"47" 0.916 0.982456140350877 0.902255639097744
"48" 1 0.992405063291139 0.992405063291139
"49" 1 0.871046228710462 0.871046228710462
"50" 1 0.926020408163265 0.926020408163265
"51" 1 0.975728155339806 0.975728155339806
"52" 1 0.925373134328358 0.925373134328358
"53" 1 0.987951807228916 0.987951807228916
"54" 1 0.9375 0.9375
"55" 0.848 0.96029776674938 0.826302729528536
"56" 1 0.987951807228916 0.987951807228916
"57" 1 0.966057441253264 0.966057441253264
"58" 1 0.861809045226131 0.861809045226131
"59" 1 0.995 0.995
"60" 1 0.898009950248756 0.898009950248756
"61" 1 0.984924623115578 0.984924623115578
"62" 1 0.839195979899497 0.839195979899497
"63" 1 0.83046683046683 0.83046683046683
"64" 0.834 0.969072164948454 0.798969072164949
"65" 1 0.970588235294118 0.970588235294118
"66" 1 0.962216624685139 0.962216624685139
"67" 1 0.980440097799511 0.980440097799511
"68" 1 0.856423173803526 0.856423173803526
"69" 1 0.987593052109181 0.987593052109181
"70" 1 0.951653944020356 0.951653944020356
"71" 1 0.88423645320197 0.88423645320197
"72" 1 0.96969696969697 0.96969696969697
"73" 1 0.990243902439024 0.990243902439024
"74" 1 0.926582278481013 0.926582278481013
"75" 1 0.995073891625616 0.995073891625616
"76" 1 0.96039603960396 0.96039603960396
"77" 1 1 1
"78" 1 0.955112219451372 0.955112219451372
"79" 1 0.921717171717172 0.921717171717172
"80" 0.866 0.931472081218274 0.802030456852792
"81" 1 0.664102564102564 0.664102564102564
"82" 1 0.947761194029851 0.947761194029851
"83" 1 0.971014492753623 0.971014492753623
"84" 1 0.907960199004975 0.907960199004975
"85" 1 0.905852417302799 0.905852417302799
"86" 1 1 1
"87" 1 0.99501246882793 0.99501246882793
"88" 1 0.946969696969697 0.946969696969697
"89" 1 0.973958333333333 0.973958333333333
"90" 1 0.932203389830508 0.932203389830508
"91" 1 0.952261306532663 0.952261306532663
"92" 1 0.97283950617284 0.97283950617284
"93" 1 1 1
"94" 1 0.940594059405941 0.940594059405941
"95" 1 0.977556109725686 0.977556109725686
"96" 1 0.886524822695035 0.886524822695035
"97" 1 0.847665847665848 0.847665847665848
"98" 1 0.977777777777778 0.977777777777778
"99" 1 0.990384615384615 0.990384615384615
"100" 1 0.936018957345972 0.936018957345972
"101" 1 0.870967741935484 0.870967741935484
"102" 1 0.925373134328358 0.925373134328358
"103" 1 0.95609756097561 0.95609756097561
"104" 1 0.979487179487179 0.979487179487179
"105" 1 1 1
"106" 1 0.9475 0.9475
"107" 1 0.918114143920596 0.918114143920596
"108" 1 0.9775 0.9775
"109" 0.954 0.976019184652278 0.937649880095923
"110" 1 0.987654320987654 0.987654320987654
"111" 1 0.927318295739348 0.927318295739348
"112" 1 0.963325183374083 0.963325183374083
"113" 1 0.885416666666667 0.885416666666667
"114" 1 0.886889460154242 0.886889460154242
"115" 1 0.953316953316953 0.953316953316953
"116" 1 0.827160493827161 0.827160493827161
"117" 1 0.934177215189873 0.934177215189873
"118" 0.84 0.9975 0.8375
"119" 1 0.914786967418546 0.914786967418546
"120" 1 0.946859903381642 0.946859903381642
"121" 1 0.975429975429975 0.975429975429975
"122" 1 0.947236180904523 0.947236180904523
"123" 1 0.948979591836735 0.948979591836735
"124" 1 0.948275862068966 0.948275862068966
"125" 1 0.934508816120907 0.934508816120907
"126" 1 0.749354005167959 0.749354005167959
"127" 1 0.894206549118388 0.894206549118388
"128" 1 0.9975 0.9975
"129" 1 0.899749373433584 0.899749373433584
"130" 1 0.96 0.96
"131" 1 0.982843137254902 0.982843137254902
"132" 1 0.929471032745592 0.929471032745592
"133" 1 0.925373134328358 0.925373134328358
"134" 1 0.99501246882793 0.99501246882793
"135" 1 0.98469387755102 0.98469387755102
"136" 0.92 0.9475 0.865
"137" 1 0.979643765903308 0.979643765903308
"138" 1 0.989873417721519 0.989873417721519
"139" 1 0.921518987341772 0.921518987341772
"140" 1 0.961439588688946 0.961439588688946
"141" 1 0.936386768447837 0.936386768447837
"142" 1 0.99234693877551 0.99234693877551
"143" 1 0.887755102040816 0.887755102040816
"144" 1 0.952853598014888 0.952853598014888
"145" 1 0.85929648241206 0.85929648241206
"146" 1 1 1
"147" 1 0.843037974683544 0.843037974683544
"148" 1 0.8975 0.8975
"149" 1 1 1
"150" 1 0.942643391521197 0.942643391521197
"151" 1 0.901477832512315 0.901477832512315
"152" 1 0.900255754475703 0.900255754475703
"153" 1 0.877805486284289 0.877805486284289
"154" 0.836 0.96969696969697 0.803030303030303
"155" 1 0.962779156327543 0.962779156327543
"156" 1 0.979949874686717 0.979949874686717
"157" 1 0.992443324937028 0.992443324937028
"158" 1 0.747474747474748 0.747474747474748
"159" 1 0.940298507462687 0.940298507462687
"160" 0.686 0.934177215189873 0.665822784810127
"161" 1 0.910891089108911 0.910891089108911
"162" 1 0.895883777239709 0.895883777239709
"163" 1 0.963446475195822 0.963446475195822
"164" 1 0.922305764411028 0.922305764411028
"165" 1 0.955223880597015 0.955223880597015
"166" 1 0.975669099756691 0.975669099756691
"167" 1 0.921671018276762 0.921671018276762
"168" 1 0.997530864197531 0.997530864197531
"169" 1 0.901298701298701 0.901298701298701
"170" 1 0.903896103896104 0.903896103896104
"171" 1 0.955882352941177 0.955882352941177
"172" 0.938 0.938461538461538 0.876923076923077
"173" 1 0.968421052631579 0.968421052631579
"174" 1 0.890818858560794 0.890818858560794
"175" 1 0.818407960199005 0.818407960199005
"176" 1 0.99017199017199 0.99017199017199
"177" 1 0.901477832512315 0.901477832512315
"178" 1 0.955223880597015 0.955223880597015
"179" 1 0.954869358669834 0.954869358669834
"180" 1 0.931707317073171 0.931707317073171
"181" 1 0.861538461538462 0.861538461538462
"182" 1 0.928571428571429 0.928571428571429
"183" 1 0.99238578680203 0.99238578680203
"184" 1 0.959697732997481 0.959697732997481
"185" 1 0.959899749373434 0.959899749373434
"186" 1 0.837905236907731 0.837905236907731
"187" 1 0.987244897959184 0.987244897959184
"188" 1 0.980049875311721 0.980049875311721
"189" 1 0.900763358778626 0.900763358778626
"190" 1 0.935960591133005 0.935960591133005
"191" 1 0.885856079404467 0.885856079404467
"192" 1 0.98019801980198 0.98019801980198
"193" 1 0.936868686868687 0.936868686868687
"194" 0.954 0.922879177377892 0.889460154241645
"195" 1 0.987593052109181 0.987593052109181
"196" 1 0.997530864197531 0.997530864197531
"197" 1 0.925831202046036 0.925831202046036
"198" 1 0.920308483290488 0.920308483290488
"199" 1 0.926952141057935 0.926952141057935
"200" 1 0.970588235294118 0.970588235294118
"201" 1 0.967254408060453 0.967254408060453
"202" 1 0.917098445595855 0.917098445595855
"203" 1 0.959493670886076 0.959493670886076
"204" 1 0.931989924433249 0.931989924433249
"205" 1 0.943444730077121 0.943444730077121
"206" 1 0.962311557788945 0.962311557788945
"207" 1 0.987341772151899 0.987341772151899
"208" 1 0.916267942583732 0.916267942583732
"209" 1 0.832080200501253 0.832080200501253
"210" 1 0.927680798004987 0.927680798004987
"211" 1 0.933842239185751 0.933842239185751
"212" 1 0.963325183374083 0.963325183374083
"213" 1 0.799479166666667 0.799479166666667
"214" 1 0.919799498746867 0.919799498746867
"215" 1 0.959697732997481 0.959697732997481
"216" 1 0.954545454545455 0.954545454545455
"217" 1 0.98989898989899 0.98989898989899
"218" 1 0.920595533498759 0.920595533498759
"219" 1 0.977886977886978 0.977886977886978
"220" 1 0.945679012345679 0.945679012345679
"221" 1 0.992647058823529 0.992647058823529
"222" 1 0.941176470588235 0.941176470588235
"223" 1 0.94147582697201 0.94147582697201
"224" 1 0.980440097799511 0.980440097799511
"225" 1 0.953658536585366 0.953658536585366
"226" 1 0.945169712793734 0.945169712793734
"227" 1 0.924433249370277 0.924433249370277
"228" 0.816 0.926108374384236 0.74384236453202
"229" 1 0.987277353689567 0.987277353689567
"230" 1 0.9875 0.9875
"231" 1 0.968911917098446 0.968911917098446
"232" 1 0.965432098765432 0.965432098765432
"233" 1 0.997572815533981 0.997572815533981
"234" 1 0.887755102040816 0.887755102040816
"235" 1 0.989637305699482 0.989637305699482
"236" 1 0.884711779448622 0.884711779448622
"237" 1 0.927007299270073 0.927007299270073
"238" 1 0.906633906633907 0.906633906633907
"239" 1 0.970802919708029 0.970802919708029
"240" 1 0.978048780487805 0.978048780487805
"241" 0.996 0.9675 0.965
"242" 1 0.977722772277228 0.977722772277228
"243" 1 0.982800982800983 0.982800982800983
"244" 0.954 0.97051597051597 0.926289926289926
"245" 1 0.943734015345269 0.943734015345269
"246" 1 0.939240506329114 0.939240506329114
"247" 1 0.965174129353234 0.965174129353234
"248" 1 0.974683544303797 0.974683544303797
"249" 1 0.968668407310705 0.968668407310705
"250" 1 0.961139896373057 0.961139896373057
"251" 1 0.91304347826087 0.91304347826087
"252" 1 0.967005076142132 0.967005076142132
"253" 0.912 0.972151898734177 0.893670886075949
"254" 1 0.892857142857143 0.892857142857143
"255" 1 0.964556962025316 0.964556962025316
"256" 1 0.995061728395062 0.995061728395062
"257" 1 0.933823529411765 0.933823529411765
"258" 1 0.958333333333333 0.958333333333333
"259" 1 1 1
"260" 1 0.862155388471178 0.862155388471178
"261" 1 0.997560975609756 0.997560975609756
"262" 1 0.933168316831683 0.933168316831683
"263" 1 0.983009708737864 0.983009708737864
"264" 1 0.941176470588235 0.941176470588235
"265" 1 0.997524752475248 0.997524752475248
"266" 1 0.974747474747475 0.974747474747475
"267" 1 0.995024875621891 0.995024875621891
"268" 1 0.982323232323232 0.982323232323232
"269" 1 0.841075794621027 0.841075794621027
"270" 1 0.985257985257985 0.985257985257985
"271" 1 0.9618138424821 0.9618138424821
"272" 1 0.885786802030457 0.885786802030457
"273" 1 0.897959183673469 0.897959183673469
"274" 1 0.992537313432836 0.992537313432836
"275" 1 0.91183879093199 0.91183879093199
"276" 1 0.925837320574163 0.925837320574163
"277" 1 0.962406015037594 0.962406015037594
"278" 1 0.876847290640394 0.876847290640394
"279" 0.906 0.94390243902439 0.851219512195122
"280" 0.854 0.992125984251969 0.84251968503937
"281" 1 0.792307692307692 0.792307692307692
"282" 1 0.934624697336562 0.934624697336562
"283" 1 0.881909547738693 0.881909547738693
"284" 1 0.892857142857143 0.892857142857143
"285" 1 0.935162094763092 0.935162094763092
"286" 1 0.969620253164557 0.969620253164557
"287" 1 0.99238578680203 0.99238578680203
"288" 1 0.982716049382716 0.982716049382716
"289" 1 0.92191435768262 0.92191435768262
"290" 1 0.997506234413965 0.997506234413965
"291" 1 0.968824940047962 0.968824940047962
"292" 1 0.972151898734177 0.972151898734177
"293" 1 0.897435897435897 0.897435897435897
"294" 1 0.931034482758621 0.931034482758621
"295" 1 0.977443609022556 0.977443609022556
"296" 1 0.937662337662338 0.937662337662338
"297" 1 0.928217821782178 0.928217821782178
"298" 0.902 0.897755610972569 0.817955112219451
"299" 1 0.984810126582279 0.984810126582279
"300" 1 0.919431279620853 0.919431279620853
"301" 1 0.927680798004987 0.927680798004987
"302" 1 0.997448979591837 0.997448979591837
"303" 1 0.926108374384236 0.926108374384236
"304" 1 0.940191387559809 0.940191387559809
"305" 1 0.987309644670051 0.987309644670051
"306" 1 0.977556109725686 0.977556109725686
"307" 1 0.982367758186398 0.982367758186398
"308" 0.882 0.997578692493947 0.878934624697337
"309" 1 0.844827586206897 0.844827586206897
"310" 1 0.916243654822335 0.916243654822335
"311" 1 0.971794871794872 0.971794871794872
"312" 1 0.804938271604938 0.804938271604938
"313" 1 0.985257985257985 0.985257985257985
"314" 1 0.938423645320197 0.938423645320197
"315" 1 0.994949494949495 0.994949494949495
"316" 1 0.997549019607843 0.997549019607843
"317" 1 0.853904282115869 0.853904282115869
"318" 0.752 0.953964194373402 0.710997442455243
"319" 1 0.968058968058968 0.968058968058968
"320" 1 0.95 0.95
"321" 1 0.924019607843137 0.924019607843137
"322" 1 0.844660194174757 0.844660194174757
"323" 1 0.893300248138958 0.893300248138958
"324" 1 0.931645569620253 0.931645569620253
"325" 1 0.913151364764268 0.913151364764268
"326" 1 0.9675 0.9675
"327" 1 0.83756345177665 0.83756345177665
"328" 0.934 0.982233502538071 0.916243654822335
"329" 1 0.982843137254902 0.982843137254902
"330" 1 0.982543640897756 0.982543640897756
"331" 1 0.954659949622166 0.954659949622166
"332" 1 0.95778364116095 0.95778364116095
"333" 1 0.970588235294118 0.970588235294118
"334" 1 0.901234567901235 0.901234567901235
"335" 1 0.902010050251256 0.902010050251256
"336" 1 1 1
"337" 1 0.911547911547912 0.911547911547912
"338" 0.91 0.942355889724311 0.859649122807018
"339" 1 0.960687960687961 0.960687960687961
"340" 1 0.933497536945813 0.933497536945813
"341" 1 0.987309644670051 0.987309644670051
"342" 1 0.945 0.945
"343" 1 0.924242424242424 0.924242424242424
"344" 1 0.978048780487805 0.978048780487805
"345" 1 0.913486005089059 0.913486005089059
"346" 1 1 1
"347" 1 0.973170731707317 0.973170731707317
"348" 1 1 1
"349" 1 0.944736842105263 0.944736842105263
"350" 1 0.942211055276382 0.942211055276382
"351" 1 0.985330073349633 0.985330073349633
"352" 1 0.954545454545455 0.954545454545455
"353" 1 0.980246913580247 0.980246913580247
"354" 1 0.963917525773196 0.963917525773196
"355" 1 0.967254408060453 0.967254408060453
"356" 1 0.845386533665835 0.845386533665835
"357" 1 0.88659793814433 0.88659793814433
"358" 1 1 1
"359" 1 0.995121951219512 0.995121951219512
"360" 1 0.863861386138614 0.863861386138614
"361" 1 0.960975609756098 0.960975609756098
"362" 0.818 0.977329974811083 0.798488664987406
"363" 1 0.962406015037594 0.962406015037594
"364" 1 0.941919191919192 0.941919191919192
"365" 1 0.949622166246851 0.949622166246851
"366" 1 0.927318295739348 0.927318295739348
"367" 1 1 1
"368" 1 0.969924812030075 0.969924812030075
"369" 1 0.922518159806295 0.922518159806295
"370" 1 0.975062344139651 0.975062344139651
"371" 0.808 0.969309462915601 0.782608695652174
"372" 1 0.965601965601966 0.965601965601966
"373" 1 0.972972972972973 0.972972972972973
"374" 1 0.980099502487562 0.980099502487562
"375" 1 0.906474820143885 0.906474820143885
"376" 1 1 1
"377" 1 0.878552971576227 0.878552971576227
"378" 1 0.914004914004914 0.914004914004914
"379" 1 0.823809523809524 0.823809523809524
"380" 1 1 1
"381" 1 0.964194373401535 0.964194373401535
"382" 1 0.875318066157761 0.875318066157761
"383" NA NA NA
"384" 1 0.854591836734694 0.854591836734694
"385" 1 0.975062344139651 0.975062344139651
"386" 1 0.947103274559194 0.947103274559194
"387" 1 0.974358974358974 0.974358974358974
"388" 1 1 1
"389" 1 0.992647058823529 0.992647058823529
"390" 1 0.987046632124352 0.987046632124352
"391" 1 0.980246913580247 0.980246913580247
"392" 1 0.940594059405941 0.940594059405941
"393" 1 0.898514851485149 0.898514851485149
"394" 1 0.872817955112219 0.872817955112219
"395" 1 0.984810126582279 0.984810126582279
"396" 1 0.957816377171216 0.957816377171216
"397" 1 0.982005141388175 0.982005141388175
"398" 1 0.951690821256039 0.951690821256039
"399" 1 0.948402948402948 0.948402948402948
"400" 1 0.946808510638298 0.946808510638298
"401" 1 0.965346534653465 0.965346534653465
"402" 1 0.964285714285714 0.964285714285714
"403" 1 0.96551724137931 0.96551724137931
"404" 1 0.921375921375921 0.921375921375921
"405" 0.976 0.984962406015038 0.967418546365915
"406" 1 0.92987012987013 0.92987012987013
"407" 1 0.946564885496183 0.946564885496183
"408" 1 0.845386533665835 0.845386533665835
"409" 1 0.980099502487562 0.980099502487562
"410" 1 0.924623115577889 0.924623115577889
"411" 1 0.886363636363636 0.886363636363636
"412" 1 0.931372549019608 0.931372549019608
"413" 1 0.953658536585366 0.953658536585366
"414" 1 0.926701570680628 0.926701570680628
"415" 1 0.934939759036145 0.934939759036145
"416" NA NA NA
"417" 1 0.90126582278481 0.90126582278481
"418" 1 0.960199004975124 0.960199004975124
"419" 1 0.902813299232737 0.902813299232737
"420" 1 0.94811320754717 0.94811320754717
"421" 1 0.980246913580247 0.980246913580247
"422" 1 0.89119170984456 0.89119170984456
"423" 1 0.985185185185185 0.985185185185185
"424" 1 0.890274314214464 0.890274314214464
"425" 0.864 0.937655860349127 0.825436408977556
"426" 1 0.940298507462687 0.940298507462687
"427" 1 0.978048780487805 0.978048780487805
"428" 1 1 1
"429" 1 0.944862155388471 0.944862155388471
"430" 1 0.920199501246883 0.920199501246883
"431" 1 0.977777777777778 0.977777777777778
"432" 1 0.953883495145631 0.953883495145631
"433" 1 0.997442455242967 0.997442455242967
"434" 1 0.899749373433584 0.899749373433584
"435" 1 0.992890995260663 0.992890995260663
"436" 1 0.923857868020305 0.923857868020305
"437" 1 0.956521739130435 0.956521739130435
"438" 1 0.971223021582734 0.971223021582734
"439" 1 0.95 0.95
"440" 1 0.973474801061008 0.973474801061008
"441" 1 0.965770171149144 0.965770171149144
"442" 1 0.972704714640198 0.972704714640198
"443" 1 0.944711538461538 0.944711538461538
"444" 1 0.949874686716792 0.949874686716792
"445" 1 0.880829015544041 0.880829015544041
"446" 1 0.965432098765432 0.965432098765432
"447" 1 0.989664082687339 0.989664082687339
"448" 0.912 0.93733681462141 0.864229765013055
"449" 0.93 0.979848866498741 0.906801007556675
"450" 1 0.990361445783133 0.990361445783133
"451" 1 0.922330097087379 0.922330097087379
"452" 1 0.994936708860759 0.994936708860759
"453" 1 0.944444444444444 0.944444444444444
"454" 1 0.97841726618705 0.97841726618705
"455" 1 0.939086294416244 0.939086294416244
"456" 1 0.943349753694581 0.943349753694581
"457" 1 0.950980392156863 0.950980392156863
"458" 0.94 0.915167095115681 0.866323907455013
"459" 1 0.992307692307692 0.992307692307692
"460" 0.968 1 0.960687960687961
"461" 1 0.954430379746835 0.954430379746835
"462" 1 0.994832041343669 0.994832041343669
"463" 1 0.95 0.95
"464" 1 0.950372208436725 0.950372208436725
"465" 1 0.96551724137931 0.96551724137931
"466" 1 0.985074626865672 0.985074626865672
"467" 1 0.96039603960396 0.96039603960396
"468" 1 0.911057692307692 0.911057692307692
"469" 1 0.945544554455445 0.945544554455445
"470" 1 0.976982097186701 0.976982097186701
"471" 1 0.994884910485934 0.994884910485934
"472" 1 0.978365384615385 0.978365384615385
"473" 1 0.980246913580247 0.980246913580247
"474" 1 1 1
"475" 1 0.928753180661578 0.928753180661578
"476" 1 0.923857868020305 0.923857868020305
"477" 0.98 0.960732984293194 0.945026178010471
"478" 1 0.948979591836735 0.948979591836735
"479" 1 0.818414322250639 0.818414322250639
"480" 1 0.931116389548694 0.931116389548694
"481" 1 0.987684729064039 0.987684729064039
"482" 1 0.984848484848485 0.984848484848485
"483" 1 0.96875 0.96875
"484" 1 0.913366336633663 0.913366336633663
"485" 1 0.997455470737914 0.997455470737914
"486" 1 0.9875 0.9875
"487" 1 0.995203836930456 0.995203836930456
"488" 1 0.978520286396181 0.978520286396181
"489" 1 0.984455958549223 0.984455958549223
"490" 1 0.987179487179487 0.987179487179487
"491" 1 0.995073891625616 0.995073891625616
"492" 1 0.883838383838384 0.883838383838384
"493" 1 0.947236180904523 0.947236180904523
"494" 1 0.994987468671679 0.994987468671679
"495" 1 0.911764705882353 0.911764705882353
"496" 1 0.979899497487437 0.979899497487437
"497" 1 0.982367758186398 0.982367758186398
"498" 1 0.982367758186398 0.982367758186398
"499" 1 0.987341772151899 0.987341772151899
"500" 1 0.923280423280423 0.923280423280423
"501" 1 0.948148148148148 0.948148148148148
"502" 1 0.883663366336634 0.883663366336634
"503" 1 0.974747474747475 0.974747474747475
"504" 1 0.982630272952854 0.982630272952854
"505" 1 0.944444444444444 0.944444444444444
"506" 1 0.894206549118388 0.894206549118388
"507" 1 0.908872901678657 0.908872901678657
"508" 1 0.962216624685139 0.962216624685139
"509" 1 0.990074441687345 0.990074441687345
"510" 0.87 0.881612090680101 0.785894206549118
"511" 1 0.631449631449631 0.631449631449631
"512" 1 0.984886649874055 0.984886649874055
"513" 1 0.947630922693267 0.947630922693267
"514" 0.808 1 0.801980198019802
"515" 1 0.860635696821516 0.860635696821516
"516" 1 0.943765281173594 0.943765281173594
"517" 1 0.931989924433249 0.931989924433249
"518" 1 0.980049875311721 0.980049875311721
"519" 1 0.961928934010152 0.961928934010152
"520" 1 0.992555831265509 0.992555831265509
"521" 1 0.909535452322738 0.909535452322738
"522" 1 0.953658536585366 0.953658536585366
"523" 1 0.981958762886598 0.981958762886598
"524" 1 0.898514851485149 0.898514851485149
"525" 1 0.938303341902314 0.938303341902314
"526" 1 0.960099750623441 0.960099750623441
"527" 0.968 0.925480769230769 0.896634615384615
"528" 1 0.886304909560723 0.886304909560723
"529" 1 0.983293556085919 0.983293556085919
"530" 1 0.948019801980198 0.948019801980198
"531" 1 0.909090909090909 0.909090909090909
"532" 1 0.8975 0.8975
"533" 0.94 0.947630922693267 0.887780548628429
"534" 1 0.944020356234097 0.944020356234097
"535" 1 0.985365853658537 0.985365853658537
"536" 1 0.990147783251232 0.990147783251232
"537" 0.986 0.897058823529412 0.882352941176471
"538" 1 0.924574209245742 0.924574209245742
"539" 1 0.9725 0.9725
"540" 0.946 0.962593516209476 0.915211970074813
"541" 1 0.911111111111111 0.911111111111111
"542" 1 1 1
"543" 1 0.982005141388175 0.982005141388175
"544" 1 0.965432098765432 0.965432098765432
"545" 1 0.933862433862434 0.933862433862434
"546" 1 0.930174563591022 0.930174563591022
"547" 1 0.989847715736041 0.989847715736041
"548" 1 0.977886977886978 0.977886977886978
"549" 1 0.992665036674817 0.992665036674817
"550" 1 0.979949874686717 0.979949874686717
"551" 1 0.894472361809045 0.894472361809045
"552" 1 0.905940594059406 0.905940594059406
"553" 1 0.987623762376238 0.987623762376238
"554" 1 0.977611940298508 0.977611940298508
"555" 1 0.964824120603015 0.964824120603015
"556" 1 0.975490196078431 0.975490196078431
"557" 1 0.98812351543943 0.98812351543943
"558" 1 0.953086419753086 0.953086419753086
"559" 1 0.984536082474227 0.984536082474227
"560" 1 1 1
"561" 1 0.917948717948718 0.917948717948718
"562" 1 0.962593516209476 0.962593516209476
"563" 1 0.997506234413965 0.997506234413965
"564" 1 0.964467005076142 0.964467005076142
"565" 1 0.995238095238095 0.995238095238095
"566" 1 0.954545454545455 0.954545454545455
"567" 1 0.907035175879397 0.907035175879397
"568" 1 0.994722955145119 0.994722955145119
"569" 0.966 0.975247524752475 0.940594059405941
"570" 1 0.96969696969697 0.96969696969697
"571" 1 0.96969696969697 0.96969696969697
"572" 1 0.885496183206107 0.885496183206107
"573" 1 0.954081632653061 0.954081632653061
"574" 1 0.955334987593052 0.955334987593052
"575" 1 0.98780487804878 0.98780487804878
"576" 1 0.967171717171717 0.967171717171717
"577" 1 0.961722488038278 0.961722488038278
"578" 1 0.997530864197531 0.997530864197531
"579" 1 0.972081218274112 0.972081218274112
"580" 0.89 0.969151670951157 0.858611825192802
"581" 1 0.974874371859296 0.974874371859296
"582" 1 0.997518610421836 0.997518610421836
"583" 1 0.83248730964467 0.83248730964467
"584" 1 0.997474747474748 0.997474747474748
"585" 1 0.952380952380952 0.952380952380952
"586" 1 0.985037406483791 0.985037406483791
"587" 1 0.995024875621891 0.995024875621891
"588" 1 0.918158567774936 0.918158567774936
"589" 1 0.932835820895522 0.932835820895522
"590" 1 0.935 0.935
"591" 1 0.986772486772487 0.986772486772487
"592" 1 0.966751918158568 0.966751918158568
"593" 0.954 0.99749373433584 0.954887218045113
"594" 1 0.954314720812183 0.954314720812183
"595" 1 0.959899749373434 0.959899749373434
"596" 1 0.997435897435897 0.997435897435897
"597" 1 0.865789473684211 0.865789473684211
"598" 1 0.949152542372881 0.949152542372881
"599" 1 0.936224489795918 0.936224489795918
"600" 1 0.965853658536585 0.965853658536585
"601" 1 0.982630272952854 0.982630272952854
"602" 1 0.955958549222798 0.955958549222798
"603" 0.952 0.992574257425743 0.948019801980198
"604" 1 0.994949494949495 0.994949494949495
"605" 1 0.920792079207921 0.920792079207921
"606" 1 0.988038277511962 0.988038277511962
"607" 1 0.934673366834171 0.934673366834171
"608" 1 0.88641975308642 0.88641975308642
"609" 1 0.970443349753695 0.970443349753695
"610" 1 0.96969696969697 0.96969696969697
"611" 1 0.955223880597015 0.955223880597015
"612" 1 0.97 0.97
"613" 1 0.989847715736041 0.989847715736041
"614" 1 0.990407673860911 0.990407673860911
"615" 1 0.810126582278481 0.810126582278481
"616" 0.868 1 0.870731707317073
"617" 1 0.979848866498741 0.979848866498741
"618" 1 0.937799043062201 0.937799043062201
"619" 1 0.962121212121212 0.962121212121212
"620" 1 0.941031941031941 0.941031941031941
"621" 1 0.938574938574939 0.938574938574939
"622" 1 0.931203931203931 0.931203931203931
"623" 1 0.96969696969697 0.96969696969697
"624" 1 0.982926829268293 0.982926829268293
"625" 0.966 0.892344497607656 0.858851674641148
"626" 1 0.98992443324937 0.98992443324937
"627" 1 0.972972972972973 0.972972972972973
"628" 1 0.948148148148148 0.948148148148148
"629" 1 0.961734693877551 0.961734693877551
"630" 1 0.855 0.855
"631" 1 0.938875305623472 0.938875305623472
"632" 1 0.944862155388471 0.944862155388471
"633" 1 1 1
"634" 1 0.9923273657289 0.9923273657289
"635" 1 0.915422885572139 0.915422885572139
"636" 1 0.854721549636804 0.854721549636804
"637" 1 0.925641025641026 0.925641025641026
"638" 1 0.954314720812183 0.954314720812183
"639" 1 0.9775 0.9775
"640" 1 0.97911227154047 0.97911227154047
"641" 0.814 0.9375 0.7625
"642" 1 0.847328244274809 0.847328244274809
"643" 1 0.965601965601966 0.965601965601966
"644" 1 0.93984962406015 0.93984962406015
"645" 0.968 0.987179487179487 0.953846153846154
"646" 0.882 0.9125 0.7975
"647" 1 0.934673366834171 0.934673366834171
"648" 0.954 0.944578313253012 0.898795180722892
"649" 1 0.99737532808399 0.99737532808399
"650" 1 0.965936739659367 0.965936739659367
"651" 1 0.985185185185185 0.985185185185185
"652" 1 0.869230769230769 0.869230769230769
"653" 1 0.934508816120907 0.934508816120907
"654" 1 0.840963855421687 0.840963855421687
"655" 1 0.9675 0.9675
"656" 0.874 0.885204081632653 0.780612244897959
"657" 1 0.895377128953771 0.895377128953771
"658" 1 0.972568578553616 0.972568578553616
"659" 1 0.98469387755102 0.98469387755102
"660" 1 0.931122448979592 0.931122448979592
"661" 1 0.866666666666667 0.866666666666667
"662" 1 0.970223325062035 0.970223325062035
"663" 1 0.995 0.995
"664" 1 0.987623762376238 0.987623762376238
"665" 1 0.896984924623116 0.896984924623116
"666" 1 0.966233766233766 0.966233766233766
"667" 1 0.865525672371638 0.865525672371638
"668" 1 0.926470588235294 0.926470588235294
"669" 1 0.923857868020305 0.923857868020305
"670" 1 0.975369458128079 0.975369458128079
"671" 1 0.767263427109974 0.767263427109974
"672" 1 0.99002493765586 0.99002493765586
"673" 1 0.967821782178218 0.967821782178218
"674" 1 0.910025706940874 0.910025706940874
"675" 1 0.928388746803069 0.928388746803069
"676" 1 0.939393939393939 0.939393939393939
"677" 1 0.989873417721519 0.989873417721519
"678" 1 0.9625 0.9625
"679" 1 0.985148514851485 0.985148514851485
"680" 1 0.962779156327543 0.962779156327543
"681" 1 0.912832929782082 0.912832929782082
"682" 0.866 0.997536945812808 0.859605911330049
"683" 1 0.992753623188406 0.992753623188406
"684" 1 0.990196078431373 0.990196078431373
"685" 1 0.98780487804878 0.98780487804878
"686" 1 0.968599033816425 0.968599033816425
"687" 1 0.917910447761194 0.917910447761194
"688" 1 0.976982097186701 0.976982097186701
"689" 1 0.974226804123711 0.974226804123711
"690" 1 0.944723618090452 0.944723618090452
"691" 1 0.954081632653061 0.954081632653061
"692" 1 0.969309462915601 0.969309462915601
"693" 1 0.97283950617284 0.97283950617284
"694" 1 0.971354166666667 0.971354166666667
"695" 1 0.90979381443299 0.90979381443299
"696" 1 0.821339950372208 0.821339950372208
"697" 1 0.943349753694581 0.943349753694581
"698" 1 0.954659949622166 0.954659949622166
"699" 1 0.922693266832918 0.922693266832918
"700" 1 0.915601023017903 0.915601023017903
"701" 1 0.895377128953771 0.895377128953771
"702" 1 0.992647058823529 0.992647058823529
"703" 1 0.972568578553616 0.972568578553616
"704" NA NA NA
"705" 1 0.977777777777778 0.977777777777778
"706" 1 0.969924812030075 0.969924812030075
"707" 1 0.95873786407767 0.95873786407767
"708" 1 0.925187032418953 0.925187032418953
"709" 1 0.977722772277228 0.977722772277228
"710" 1 0.886934673366834 0.886934673366834
"711" 1 0.889423076923077 0.889423076923077
"712" 1 0.70873786407767 0.70873786407767
"713" 1 0.986910994764398 0.986910994764398
"714" 1 0.934508816120907 0.934508816120907
"715" 1 0.891089108910891 0.891089108910891
"716" 1 1 1
"717" 1 0.982188295165394 0.982188295165394
"718" 1 0.951456310679612 0.951456310679612
"719" 1 0.97867298578199 0.97867298578199
"720" 1 0.835380835380835 0.835380835380835
"721" 1 0.906091370558376 0.906091370558376
"722" 1 0.953086419753086 0.953086419753086
"723" NA NA NA
"724" 1 0.923645320197044 0.923645320197044
"725" 1 0.89 0.89
"726" 1 0.952380952380952 0.952380952380952
"727" 1 0.975124378109453 0.975124378109453
"728" 1 0.974937343358396 0.974937343358396
"729" 1 0.944174757281553 0.944174757281553
"730" 1 0.970802919708029 0.970802919708029
"731" 1 0.954430379746835 0.954430379746835
"732" 0.932 0.8525 0.8
"733" 1 0.992424242424242 0.992424242424242
"734" 1 0.955112219451372 0.955112219451372
"735" 0.954 0.985 0.9425
"736" 1 0.86318407960199 0.86318407960199
"737" 1 0.962406015037594 0.962406015037594
"738" 1 0.989473684210526 0.989473684210526
"739" 1 0.995061728395062 0.995061728395062
"740" 1 0.947630922693267 0.947630922693267
"741" 1 0.950738916256158 0.950738916256158
"742" 1 0.902313624678663 0.902313624678663
"743" 1 0.909547738693467 0.909547738693467
"744" 1 0.91747572815534 0.91747572815534
"745" 1 0.992700729927007 0.992700729927007
"746" 1 0.987684729064039 0.987684729064039
"747" 1 0.95822454308094 0.95822454308094
"748" 1 0.955665024630542 0.955665024630542
"749" 1 0.911057692307692 0.911057692307692
"750" 1 0.97051597051597 0.97051597051597
"751" 0.914 0.989717223650386 0.894601542416452
"752" 1 0.980099502487562 0.980099502487562
"753" 1 0.95959595959596 0.95959595959596
"754" 1 0.95771144278607 0.95771144278607
"755" 1 0.936117936117936 0.936117936117936
"756" 1 0.959134615384615 0.959134615384615
"757" 1 0.927680798004987 0.927680798004987
"758" 1 0.994936708860759 0.994936708860759
"759" 1 0.796068796068796 0.796068796068796
"760" 1 0.967741935483871 0.967741935483871
"761" 1 0.834605597964377 0.834605597964377
"762" 1 0.989717223650386 0.989717223650386
"763" 1 0.917910447761194 0.917910447761194
"764" 0.774 0.935960591133005 0.714285714285714
"765" 1 0.985436893203884 0.985436893203884
"766" 1 0.94047619047619 0.94047619047619
"767" 1 0.9925 0.9925
"768" 0.904 0.88135593220339 0.789346246973366
"769" 1 0.961165048543689 0.961165048543689
"770" 1 0.966751918158568 0.966751918158568
"771" 1 0.95421686746988 0.95421686746988
"772" 1 0.921671018276762 0.921671018276762
"773" 1 0.945409429280397 0.945409429280397
"774" 1 0.965087281795511 0.965087281795511
"775" 1 0.890243902439024 0.890243902439024
"776" 1 0.967741935483871 0.967741935483871
"777" 1 0.945544554455445 0.945544554455445
"778" 1 0.920792079207921 0.920792079207921
"779" 1 0.945 0.945
"780" 1 0.980295566502463 0.980295566502463
"781" 1 0.981912144702842 0.981912144702842
"782" 1 0.950391644908616 0.950391644908616
"783" 1 0.945544554455445 0.945544554455445
"784" 1 0.970149253731343 0.970149253731343
"785" 1 0.905236907730673 0.905236907730673
"786" 1 0.987212276214834 0.987212276214834
"787" 1 0.902564102564103 0.902564102564103
"788" 1 0.912408759124088 0.912408759124088
"789" 1 0.903940886699507 0.903940886699507
"790" 1 0.962593516209476 0.962593516209476
"791" 1 0.963350785340314 0.963350785340314
"792" 1 0.868613138686131 0.868613138686131
"793" 1 0.956410256410256 0.956410256410256
"794" 1 0.962121212121212 0.962121212121212
"795" 1 0.861538461538462 0.861538461538462
"796" 1 0.932291666666667 0.932291666666667
"797" 1 0.985436893203884 0.985436893203884
"798" 1 0.908641975308642 0.908641975308642
"799" 1 1 1
"800" 1 0.933862433862434 0.933862433862434
"801" 1 0.932330827067669 0.932330827067669
"802" 1 0.997442455242967 0.997442455242967
"803" 1 0.985148514851485 0.985148514851485
"804" 1 0.997601918465228 0.997601918465228
"805" NA NA NA
"806" 1 0.893300248138958 0.893300248138958
"807" 1 0.860103626943005 0.860103626943005
"808" 1 0.992682926829268 0.992682926829268
"809" 1 0.968292682926829 0.968292682926829
"810" 1 0.916666666666667 0.916666666666667
"811" 1 0.98992443324937 0.98992443324937
"812" 1 0.891687657430731 0.891687657430731
"813" 1 0.970443349753695 0.970443349753695
"814" 1 0.827586206896552 0.827586206896552
"815" 1 0.96144578313253 0.96144578313253
"816" 1 0.980246913580247 0.980246913580247
"817" 1 0.91219512195122 0.91219512195122
"818" 1 0.93298969072165 0.93298969072165
"819" 1 0.979746835443038 0.979746835443038
"820" 1 0.974489795918367 0.974489795918367
"821" 1 0.969465648854962 0.969465648854962
"822" 1 0.968446601941748 0.968446601941748
"823" 1 0.902985074626866 0.902985074626866
"824" 1 0.975 0.975
"825" 1 0.9875 0.9875
"826" 1 0.930521091811414 0.930521091811414
"827" 1 0.972704714640198 0.972704714640198
"828" 1 0.977667493796526 0.977667493796526
"829" 1 0.997530864197531 0.997530864197531
"830" 1 0.870098039215686 0.870098039215686
"831" 1 0.916876574307305 0.916876574307305
"832" 1 0.932835820895522 0.932835820895522
"833" 1 0.812820512820513 0.812820512820513
"834" 1 0.990220048899755 0.990220048899755
"835" 1 0.950248756218905 0.950248756218905
"836" 1 0.975903614457831 0.975903614457831
"837" 1 0.90379746835443 0.90379746835443
"838" 1 0.985111662531017 0.985111662531017
"839" 1 0.932975871313673 0.932975871313673
"840" 1 0.974747474747475 0.974747474747475
"841" 1 0.95952380952381 0.95952380952381
"842" 1 0.985401459854015 0.985401459854015
"843" 1 0.971428571428571 0.971428571428571
"844" 1 0.995073891625616 0.995073891625616
"845" 1 0.99501246882793 0.99501246882793
"846" 1 0.855670103092783 0.855670103092783
"847" 1 0.992063492063492 0.992063492063492
"848" 1 0.959183673469388 0.959183673469388
"849" 1 0.99746192893401 0.99746192893401
"850" 1 0.93979057591623 0.93979057591623
"851" 1 0.745721271393643 0.745721271393643
"852" 1 0.959493670886076 0.959493670886076
"853" 1 0.955 0.955
"854" 1 0.870558375634518 0.870558375634518
"855" 0.86 0.913705583756345 0.786802030456853
"856" 1 0.893564356435644 0.893564356435644
"857" 1 0.955555555555556 0.955555555555556
"858" 1 0.997530864197531 0.997530864197531
"859" 1 0.963446475195822 0.963446475195822
"860" 1 0.931116389548694 0.931116389548694
"861" 1 0.9775 0.9775
"862" 1 0.967171717171717 0.967171717171717
"863" 1 0.997524752475248 0.997524752475248
"864" 1 0.982051282051282 0.982051282051282
"865" 1 0.979848866498741 0.979848866498741
"866" 1 0.99009900990099 0.99009900990099
"867" 1 0.8975 0.8975
"868" 1 0.99749373433584 0.99749373433584
"869" 1 0.936893203883495 0.936893203883495
"870" 1 0.759305210918114 0.759305210918114
"871" 1 0.957605985037406 0.957605985037406
"872" 1 0.836144578313253 0.836144578313253
"873" 1 0.976190476190476 0.976190476190476
"874" 0.944 0.965853658536585 0.914634146341463
"875" 1 0.984962406015038 0.984962406015038
"876" 1 0.90176322418136 0.90176322418136
"877" 1 0.911764705882353 0.911764705882353
"878" 1 0.943877551020408 0.943877551020408
"879" 1 0.980535279805353 0.980535279805353
"880" 1 0.910669975186104 0.910669975186104
"881" 1 0.919395465994962 0.919395465994962
"882" 1 0.985 0.985
"883" 1 0.977832512315271 0.977832512315271
"884" 1 0.841708542713568 0.841708542713568
"885" 1 0.86284289276808 0.86284289276808
"886" 1 0.970802919708029 0.970802919708029
"887" 1 0.965770171149144 0.965770171149144
"888" 1 0.95609756097561 0.95609756097561
"889" 1 0.992084432717678 0.992084432717678
"890" 1 0.979274611398964 0.979274611398964
"891" 1 0.987212276214834 0.987212276214834
"892" 0.982 0.96039603960396 0.948019801980198
"893" 1 0.975062344139651 0.975062344139651
"894" 1 0.86848635235732 0.86848635235732
"895" 1 0.932835820895522 0.932835820895522
"896" 1 0.924757281553398 0.924757281553398
"897" 1 0.88641975308642 0.88641975308642
"898" 1 0.95273631840796 0.95273631840796
"899" 1 0.975247524752475 0.975247524752475
"900" 1 0.973170731707317 0.973170731707317
"901" 1 0.975308641975309 0.975308641975309
"902" 1 0.912280701754386 0.912280701754386
"903" 1 0.985221674876847 0.985221674876847
"904" 1 0.912718204488778 0.912718204488778
"905" 1 0.982630272952854 0.982630272952854
"906" 1 0.944723618090452 0.944723618090452
"907" 1 0.946564885496183 0.946564885496183
"908" 1 0.886792452830189 0.886792452830189
"909" 1 0.982233502538071 0.982233502538071
"910" 1 0.937185929648241 0.937185929648241
"911" 1 0.952879581151832 0.952879581151832
"912" 1 0.942786069651741 0.942786069651741
"913" 1 0.944444444444444 0.944444444444444
"914" 1 0.984771573604061 0.984771573604061
"915" 0.878 0.969849246231156 0.844221105527638
"916" 0.996 0.977443609022556 0.972431077694236
"917" 1 0.900990099009901 0.900990099009901
"918" 1 0.917705735660848 0.917705735660848
"919" 0.934 0.951530612244898 0.887755102040816
"920" 1 0.964735516372796 0.964735516372796
"921" 1 0.928571428571429 0.928571428571429
"922" 1 0.92713567839196 0.92713567839196
"923" 1 0.944584382871537 0.944584382871537
"924" 1 0.964646464646465 0.964646464646465
"925" 1 0.956521739130435 0.956521739130435
"926" 1 0.901719901719902 0.901719901719902
"927" 1 0.909313725490196 0.909313725490196
"928" 0.828 0.992647058823529 0.825980392156863
"929" NA NA NA
"930" 1 0.894871794871795 0.894871794871795
"931" 1 0.971153846153846 0.971153846153846
"932" 1 0.898514851485149 0.898514851485149
"933" 1 0.807594936708861 0.807594936708861
"934" 1 0.942065491183879 0.942065491183879
"935" 0.766 0.889168765743073 0.677581863979849
"936" 0.928 0.917098445595855 0.849740932642487
"937" 1 0.953367875647668 0.953367875647668
"938" 1 0.980535279805353 0.980535279805353
"939" 1 0.965174129353234 0.965174129353234
"940" 1 1 1
"941" 1 0.973557692307692 0.973557692307692
"942" 1 0.8875 0.8875
"943" 1 0.956410256410256 0.956410256410256
"944" 1 0.956962025316456 0.956962025316456
"945" 1 0.978048780487805 0.978048780487805
"946" 1 0.94559585492228 0.94559585492228
"947" 1 1 1
"948" 1 0.887755102040816 0.887755102040816
"949" 1 0.949748743718593 0.949748743718593
"950" 1 0.948402948402948 0.948402948402948
"951" 1 0.948275862068966 0.948275862068966
"952" 1 0.995121951219512 0.995121951219512
"953" 1 0.984334203655353 0.984334203655353
"954" 0.956 0.872817955112219 0.830423940149626
"955" 1 0.953883495145631 0.953883495145631
"956" 0.878 0.935 0.8175
"957" 1 0.943152454780362 0.943152454780362
"958" 1 0.974160206718346 0.974160206718346
"959" 1 0.982800982800983 0.982800982800983
"960" 1 0.990147783251232 0.990147783251232
"961" 1 0.926470588235294 0.926470588235294
"962" 1 0.889975550122249 0.889975550122249
"963" 1 0.947761194029851 0.947761194029851
"964" 1 0.903225806451613 0.903225806451613
"965" 1 0.859649122807018 0.859649122807018
"966" 1 0.982142857142857 0.982142857142857
"967" 1 0.945273631840796 0.945273631840796
"968" 0.988 0.990123456790123 0.975308641975309
"969" 1 0.88295165394402 0.88295165394402
"970" 1 0.896984924623116 0.896984924623116
"971" 1 0.945812807881773 0.945812807881773
"972" 1 0.974424552429668 0.974424552429668
"973" 1 0.972431077694236 0.972431077694236
"974" 1 0.914572864321608 0.914572864321608
"975" 1 0.907894736842105 0.907894736842105
"976" 1 0.925831202046036 0.925831202046036
"977" 0.846 0.951898734177215 0.815189873417722
"978" 1 0.976982097186701 0.976982097186701
"979" 1 0.930864197530864 0.930864197530864
"980" 1 0.994845360824742 0.994845360824742
"981" 1 0.919191919191919 0.919191919191919
"982" 1 0.966233766233766 0.966233766233766
"983" 1 0.860696517412935 0.860696517412935
"984" 1 0.962025316455696 0.962025316455696
"985" 1 0.941747572815534 0.941747572815534
"986" 1 0.927860696517413 0.927860696517413
"987" 0.942 0.884803921568627 0.821078431372549
"988" 1 0.883333333333333 0.883333333333333
"989" 0.928 0.930412371134021 0.853092783505155
"990" 1 0.880299251870324 0.880299251870324
"991" 1 0.949029126213592 0.949029126213592
"992" 1 1 1
"993" 1 0.866498740554156 0.866498740554156
"994" 1 0.936430317848411 0.936430317848411
"995" 1 0.967661691542289 0.967661691542289
"996" 1 0.9925 0.9925
"997" 1 0.917910447761194 0.917910447761194
"998" 1 0.980099502487562 0.980099502487562
"999" 1 0.992665036674817 0.992665036674817
"1000" 1 0.959899749373434 0.959899749373434
