"V1" "V2" "V3"
"1" 1 1 1
"2" 1 0.977011494252874 0.977011494252874
"3" 1 0.842424242424242 0.842424242424242
"4" 0.988 0.969512195121951 0.957317073170732
"5" 1 0.961111111111111 0.961111111111111
"6" 1 0.939226519337017 0.939226519337017
"7" 1 0.955056179775281 0.955056179775281
"8" 1 0.76878612716763 0.76878612716763
"9" 1 0.914772727272727 0.914772727272727
"10" 1 0.958115183246073 0.958115183246073
"11" 1 0.925714285714286 0.925714285714286
"12" 1 0.913265306122449 0.913265306122449
"13" 1 0.977401129943503 0.977401129943503
"14" 1 0.925531914893617 0.925531914893617
"15" 1 0.964285714285714 0.964285714285714
"16" 1 0.978142076502732 0.978142076502732
"17" 1 0.965853658536585 0.965853658536585
"18" 0.79 0.978378378378378 0.913513513513514
"19" 1 0.983606557377049 0.983606557377049
"20" 0.652 0.915492957746479 0.788732394366197
"21" 1 0.978609625668449 0.978609625668449
"22" 1 0.924623115577889 0.924623115577889
"23" 0.69 0.864583333333333 0.703125
"24" 1 0.953488372093023 0.953488372093023
"25" 1 0.912371134020619 0.912371134020619
"26" 1 0.946808510638298 0.946808510638298
"27" 1 1 1
"28" 1 0.921465968586387 0.921465968586387
"29" 0.816 0.948571428571429 0.857142857142857
"30" 0.752 0.965714285714286 0.857142857142857
"31" 1 0.940119760479042 0.940119760479042
"32" 1 0.947058823529412 0.947058823529412
"33" 1 0.994974874371859 0.994974874371859
"34" 1 0.966850828729282 0.966850828729282
"35" 1 0.978494623655914 0.978494623655914
"36" 1 0.978494623655914 0.978494623655914
"37" 0.884 0.899038461538462 0.846153846153846
"38" 1 0.930851063829787 0.930851063829787
"39" 0.952 0.861386138613861 0.841584158415842
"40" 1 0.943502824858757 0.943502824858757
"41" 1 1 1
"42" 1 0.961538461538462 0.961538461538462
"43" 1 0.962365591397849 0.962365591397849
"44" 1 0.994708994708995 0.994708994708995
"45" 1 0.953757225433526 0.953757225433526
"46" 1 0.919786096256685 0.919786096256685
"47" 1 0.965714285714286 0.965714285714286
"48" 1 0.99438202247191 0.99438202247191
"49" 1 0.858585858585859 0.858585858585859
"50" 1 0.947643979057592 0.947643979057592
"51" 1 0.964071856287425 0.964071856287425
"52" 1 0.770833333333333 0.770833333333333
"53" 0.908 1 0.958974358974359
"54" 0.804 0.983516483516483 0.868131868131868
"55" 1 0.883720930232558 0.883720930232558
"56" 1 0.917073170731707 0.917073170731707
"57" 1 0.975609756097561 0.975609756097561
"58" 1 0.965714285714286 0.965714285714286
"59" 1 0.963917525773196 0.963917525773196
"60" 1 0.881720430107527 0.881720430107527
"61" 1 0.994897959183674 0.994897959183674
"62" 1 0.759562841530055 0.759562841530055
"63" 1 0.863157894736842 0.863157894736842
"64" 1 0.950549450549451 0.950549450549451
"65" 1 0.748603351955307 0.748603351955307
"66" 1 0.857894736842105 0.857894736842105
"67" 1 0.922651933701657 0.922651933701657
"68" 1 1 1
"69" 1 0.806818181818182 0.806818181818182
"70" 0.652 0.904761904761905 0.703703703703704
"71" 1 0.989071038251366 0.989071038251366
"72" 1 0.989417989417989 0.989417989417989
"73" 1 0.993939393939394 0.993939393939394
"74" 1 0.91304347826087 0.91304347826087
"75" 1 0.967391304347826 0.967391304347826
"76" 1 0.904255319148936 0.904255319148936
"77" 1 0.921052631578947 0.921052631578947
"78" 1 0.96 0.96
"79" 1 0.914893617021277 0.914893617021277
"80" 1 0.979381443298969 0.979381443298969
"81" 1 0.960893854748603 0.960893854748603
"82" 1 0.994949494949495 0.994949494949495
"83" 1 0.983240223463687 0.983240223463687
"84" 1 0.912820512820513 0.912820512820513
"85" 1 0.927461139896373 0.927461139896373
"86" 1 1 1
"87" 1 0.818181818181818 0.818181818181818
"88" 0.764 0.949438202247191 0.859550561797753
"89" 0.722 0.982758620689655 0.867816091954023
"90" 1 0.919597989949749 0.919597989949749
"91" 1 0.983606557377049 0.983606557377049
"92" 1 0.877777777777778 0.877777777777778
"93" 1 0.879310344827586 0.879310344827586
"94" 0.756 0.813829787234043 0.723404255319149
"95" 0.866 0.937853107344633 0.892655367231638
"96" 1 0.911602209944751 0.911602209944751
"97" 1 0.881081081081081 0.881081081081081
"98" 1 0.893518518518518 0.893518518518518
"99" 1 0.967914438502674 0.967914438502674
"100" 1 0.989130434782609 0.989130434782609
"101" 1 0.759776536312849 0.759776536312849
"102" 0.852 0.912087912087912 0.835164835164835
"103" 1 0.977777777777778 0.977777777777778
"104" 1 0.955056179775281 0.955056179775281
"105" 0.888 0.871345029239766 0.830409356725146
"106" 1 0.946078431372549 0.946078431372549
"107" 0.942 0.966480446927374 0.916201117318436
"108" 1 0.97 0.97
"109" 1 0.923976608187134 0.923976608187134
"110" 1 0.859459459459459 0.859459459459459
"111" 1 0.98974358974359 0.98974358974359
"112" 1 0.925925925925926 0.925925925925926
"113" 1 0.84472049689441 0.84472049689441
"114" 1 1 1
"115" 0.886 0.95 0.927777777777778
"116" 1 0.994413407821229 0.994413407821229
"117" 1 0.727272727272727 0.727272727272727
"118" 0.986 0.926315789473684 0.910526315789474
"119" 0.886 0.989304812834225 0.935828877005348
"120" 1 0.697297297297297 0.697297297297297
"121" 1 0.937853107344633 0.937853107344633
"122" 0.838 0.962566844919786 0.909090909090909
"123" 1 0.889473684210526 0.889473684210526
"124" 1 0.988950276243094 0.988950276243094
"125" 1 0.981927710843373 0.981927710843373
"126" 1 0.957219251336898 0.957219251336898
"127" 1 0.978494623655914 0.978494623655914
"128" 1 0.894117647058824 0.894117647058824
"129" 1 0.958115183246073 0.958115183246073
"130" 1 0.92972972972973 0.92972972972973
"131" 1 0.92896174863388 0.92896174863388
"132" 1 0.925133689839572 0.925133689839572
"133" 1 0.923913043478261 0.923913043478261
"134" 1 0.955555555555556 0.955555555555556
"135" 0.73 0.984375 0.875
"136" 0.924 0.861702127659574 0.824468085106383
"137" 1 0.928934010152284 0.928934010152284
"138" 1 0.92972972972973 0.92972972972973
"139" 1 0.918478260869565 0.918478260869565
"140" 1 0.968085106382979 0.968085106382979
"141" 1 0.970930232558139 0.970930232558139
"142" 0.972 0.908163265306122 0.903061224489796
"143" 1 0.721590909090909 0.721590909090909
"144" 1 0.98989898989899 0.98989898989899
"145" 0.794 0.960591133004926 0.891625615763547
"146" 1 0.763157894736842 0.763157894736842
"147" 1 0.91 0.91
"148" 1 1 1
"149" 1 0.994764397905759 0.994764397905759
"150" 1 0.966666666666667 0.966666666666667
"151" 1 0.938202247191011 0.938202247191011
"152" 1 0.953488372093023 0.953488372093023
"153" 1 0.988439306358382 0.988439306358382
"154" 0.698 0.955555555555556 0.794444444444444
"155" 0.854 0.98876404494382 0.904494382022472
"156" 1 0.971910112359551 0.971910112359551
"157" 0.864 0.983870967741935 0.919354838709677
"158" 1 0.994444444444444 0.994444444444444
"159" 1 0.913513513513514 0.913513513513514
"160" 1 0.932960893854749 0.932960893854749
"161" 0.908 0.725146198830409 0.719298245614035
"162" 1 0.935294117647059 0.935294117647059
"163" 1 0.994652406417112 0.994652406417112
"164" 1 0.934426229508197 0.934426229508197
"165" 1 0.832432432432432 0.832432432432432
"166" 1 0.917127071823204 0.917127071823204
"167" 1 0.973958333333333 0.973958333333333
"168" 1 0.958762886597938 0.958762886597938
"169" 1 0.954545454545455 0.954545454545455
"170" 1 0.94475138121547 0.94475138121547
"171" 1 0.989637305699482 0.989637305699482
"172" 1 0.979487179487179 0.979487179487179
"173" 0.764 1 0.858638743455497
"174" 0.968 0.994594594594595 0.978378378378378
"175" 1 0.78021978021978 0.78021978021978
"176" 1 0.971910112359551 0.971910112359551
"177" 1 0.819587628865979 0.819587628865979
"178" 1 0.990384615384615 0.990384615384615
"179" 0.856 0.802139037433155 0.737967914438503
"180" 1 0.911111111111111 0.911111111111111
"181" 0.92 0.838888888888889 0.8
"182" 1 0.93010752688172 0.93010752688172
"183" 1 0.857798165137615 0.857798165137615
"184" 1 0.936170212765957 0.936170212765957
"185" 1 0.958762886597938 0.958762886597938
"186" 1 0.93491124260355 0.93491124260355
"187" 1 0.963157894736842 0.963157894736842
"188" 1 0.899470899470899 0.899470899470899
"189" 1 0.935828877005348 0.935828877005348
"190" 0.97 0.882926829268293 0.858536585365854
"191" 1 0.935483870967742 0.935483870967742
"192" 1 0.858585858585859 0.858585858585859
"193" 1 0.908571428571429 0.908571428571429
"194" 1 0.944444444444444 0.944444444444444
"195" 1 0.980676328502415 0.980676328502415
"196" 1 0.943181818181818 0.943181818181818
"197" 1 0.892857142857143 0.892857142857143
"198" 1 0.933333333333333 0.933333333333333
"199" 1 0.867816091954023 0.867816091954023
"200" 1 1 1
"201" 1 0.94578313253012 0.94578313253012
"202" 1 0.98936170212766 0.98936170212766
"203" 1 0.967391304347826 0.967391304347826
"204" 1 1 1
"205" 1 0.967213114754098 0.967213114754098
"206" 0.996 0.975124378109453 0.975124378109453
"207" 1 0.989189189189189 0.989189189189189
"208" 1 0.988505747126437 0.988505747126437
"209" 1 0.960227272727273 0.960227272727273
"210" 1 0.891752577319588 0.891752577319588
"211" 0.814 0.961538461538462 0.884615384615385
"212" 1 0.989247311827957 0.989247311827957
"213" 1 0.947916666666667 0.947916666666667
"214" 1 0.841836734693878 0.841836734693878
"215" 1 0.994764397905759 0.994764397905759
"216" 1 0.82967032967033 0.82967032967033
"217" 1 0.984293193717278 0.984293193717278
"218" 1 0.994594594594595 0.994594594594595
"219" 1 0.824858757062147 0.824858757062147
"220" 1 0.948275862068966 0.948275862068966
"221" 1 0.913793103448276 0.913793103448276
"222" 1 0.946524064171123 0.946524064171123
"223" 1 0.983425414364641 0.983425414364641
"224" 1 0.659217877094972 0.659217877094972
"225" 1 0.983957219251337 0.983957219251337
"226" 1 0.96969696969697 0.96969696969697
"227" 1 0.956284153005464 0.956284153005464
"228" 0.702 0.923976608187134 0.766081871345029
"229" 1 0.968253968253968 0.968253968253968
"230" 1 1 1
"231" 1 0.994565217391304 0.994565217391304
"232" 1 0.972826086956522 0.972826086956522
"233" 1 0.972972972972973 0.972972972972973
"234" 0.898 0.980392156862745 0.916666666666667
"235" 0.97 0.944444444444444 0.934343434343434
"236" 0.738 0.984375 0.875
"237" 0.716 0.934065934065934 0.807692307692308
"238" 1 0.835227272727273 0.835227272727273
"239" 0.716 0.889502762430939 0.762430939226519
"240" 1 0.87192118226601 0.87192118226601
"241" 1 0.836842105263158 0.836842105263158
"242" 1 0.934782608695652 0.934782608695652
"243" 1 0.914893617021277 0.914893617021277
"244" 1 0.921182266009852 0.921182266009852
"245" 1 0.923857868020305 0.923857868020305
"246" 1 0.946428571428571 0.946428571428571
"247" 1 0.989247311827957 0.989247311827957
"248" 1 0.939890710382514 0.939890710382514
"249" 0.826 0.962962962962963 0.915343915343915
"250" 0.848 0.95906432748538 0.894736842105263
"251" 1 0.904040404040404 0.904040404040404
"252" 1 0.846590909090909 0.846590909090909
"253" 1 0.915841584158416 0.915841584158416
"254" 1 1 1
"255" 1 0.943820224719101 0.943820224719101
"256" 1 0.854054054054054 0.854054054054054
"257" 1 0.983516483516483 0.983516483516483
"258" 0.914 0.985 0.95
"259" 1 0.921052631578947 0.921052631578947
"260" 1 0.989473684210526 0.989473684210526
"261" 1 0.934065934065934 0.934065934065934
"262" 0.73 0.92817679558011 0.81767955801105
"263" 1 0.98974358974359 0.98974358974359
"264" 0.844 0.843023255813954 0.755813953488372
"265" 1 0.989304812834225 0.989304812834225
"266" 1 0.988505747126437 0.988505747126437
"267" 1 0.975845410628019 0.975845410628019
"268" 0.892 0.963855421686747 0.927710843373494
"269" 1 0.924623115577889 0.924623115577889
"270" 1 0.944444444444444 0.944444444444444
"271" 1 1 1
"272" 1 0.939024390243902 0.939024390243902
"273" 1 0.994565217391304 0.994565217391304
"274" 1 0.984042553191489 0.984042553191489
"275" 1 0.918478260869565 0.918478260869565
"276" 1 0.939393939393939 0.939393939393939
"277" 1 0.974489795918367 0.974489795918367
"278" 1 0.994252873563218 0.994252873563218
"279" 1 0.87027027027027 0.87027027027027
"280" 0.81 0.927461139896373 0.839378238341969
"281" 1 0.949438202247191 0.949438202247191
"282" 0.88 0.969072164948454 0.912371134020619
"283" 0.964 0.867403314917127 0.850828729281768
"284" 1 0.988636363636364 0.988636363636364
"285" 1 0.87431693989071 0.87431693989071
"286" 1 0.894736842105263 0.894736842105263
"287" 1 0.790575916230366 0.790575916230366
"288" 1 0.863387978142076 0.863387978142076
"289" 0.814 0.967032967032967 0.851648351648352
"290" 1 0.945812807881773 0.945812807881773
"291" 0.922 0.885416666666667 0.854166666666667
"292" 0.714 0.963157894736842 0.826315789473684
"293" 1 0.978723404255319 0.978723404255319
"294" 1 0.951612903225806 0.951612903225806
"295" 0.69 0.983516483516483 0.840659340659341
"296" 1 0.978142076502732 0.978142076502732
"297" 1 0.911917098445596 0.911917098445596
"298" 0.948 0.917098445595855 0.906735751295337
"299" 1 0.985365853658537 0.985365853658537
"300" 0.736 0.93854748603352 0.826815642458101
"301" 0.94 0.961111111111111 0.944444444444444
"302" 1 0.989473684210526 0.989473684210526
"303" 1 0.967391304347826 0.967391304347826
"304" 1 0.882978723404255 0.882978723404255
"305" 1 1 1
"306" 1 0.93491124260355 0.93491124260355
"307" 1 0.994152046783626 0.994152046783626
"308" 1 0.994505494505495 0.994505494505495
"309" 1 0.937823834196891 0.937823834196891
"310" 1 0.842639593908629 0.842639593908629
"311" 0.858 0.965853658536585 0.882926829268293
"312" 1 0.957219251336898 0.957219251336898
"313" 0.844 0.875 0.8
"314" 0.948 0.901098901098901 0.884615384615385
"315" 0.854 0.902702702702703 0.832432432432432
"316" 1 0.775609756097561 0.775609756097561
"317" 1 0.968911917098446 0.968911917098446
"318" 1 0.995 0.995
"319" 1 0.927374301675978 0.927374301675978
"320" 1 0.814070351758794 0.814070351758794
"321" 1 0.973684210526316 0.973684210526316
"322" 1 0.984455958549223 0.984455958549223
"323" 1 0.962765957446808 0.962765957446808
"324" 1 0.772727272727273 0.772727272727273
"325" 1 1 1
"326" 0.898 0.82967032967033 0.785714285714286
"327" 1 1 1
"328" 1 0.882629107981221 0.882629107981221
"329" 0.98 0.976744186046512 0.941860465116279
"330" 1 0.887573964497041 0.887573964497041
"331" 1 0.946428571428571 0.946428571428571
"332" 1 0.919786096256685 0.919786096256685
"333" 1 0.848648648648649 0.848648648648649
"334" 1 1 1
"335" 1 0.99492385786802 0.99492385786802
"336" 1 0.927461139896373 0.927461139896373
"337" 1 0.876344086021505 0.876344086021505
"338" 0.974 0.98314606741573 0.97752808988764
"339" 1 0.938888888888889 0.938888888888889
"340" 1 0.976608187134503 0.976608187134503
"341" 1 0.898809523809524 0.898809523809524
"342" 0.892 0.547486033519553 0.435754189944134
"343" 1 0.952941176470588 0.952941176470588
"344" 1 0.951690821256039 0.951690821256039
"345" 1 0.990384615384615 0.990384615384615
"346" 1 0.962365591397849 0.962365591397849
"347" 0.996 0.951456310679612 0.941747572815534
"348" 1 0.934673366834171 0.934673366834171
"349" 0.944 0.900552486187845 0.87292817679558
"350" 0.936 0.924242424242424 0.878787878787879
"351" 0.94 0.982558139534884 0.970930232558139
"352" 1 0.879310344827586 0.879310344827586
"353" 1 0.959537572254335 0.959537572254335
"354" 1 0.93956043956044 0.93956043956044
"355" 1 0.977272727272727 0.977272727272727
"356" 1 0.975460122699387 0.975460122699387
"357" 1 0.910614525139665 0.910614525139665
"358" 1 0.772020725388601 0.772020725388601
"359" 1 0.977272727272727 0.977272727272727
"360" 1 0.890625 0.890625
"361" 1 0.989189189189189 0.989189189189189
"362" 1 0.945945945945946 0.945945945945946
"363" 1 0.837078651685393 0.837078651685393
"364" 1 1 1
"365" 1 0.865979381443299 0.865979381443299
"366" 1 0.922651933701657 0.922651933701657
"367" 0.882 0.901639344262295 0.85792349726776
"368" 1 0.969879518072289 0.969879518072289
"369" 1 0.827027027027027 0.827027027027027
"370" 1 0.943181818181818 0.943181818181818
"371" 1 0.905 0.905
"372" 1 1 1
"373" 1 0.958115183246073 0.958115183246073
"374" 1 1 1
"375" 0.944 0.985507246376812 0.966183574879227
"376" 1 0.967213114754098 0.967213114754098
"377" 1 0.93956043956044 0.93956043956044
"378" 1 0.949152542372881 0.949152542372881
"379" 1 0.994413407821229 0.994413407821229
"380" 1 0.994219653179191 0.994219653179191
"381" 1 1 1
"382" 1 0.967741935483871 0.967741935483871
"383" 1 0.856353591160221 0.856353591160221
"384" 1 0.917525773195876 0.917525773195876
"385" 1 0.880952380952381 0.880952380952381
"386" 1 1 1
"387" 1 0.968085106382979 0.968085106382979
"388" 1 0.982758620689655 0.982758620689655
"389" 1 0.964467005076142 0.964467005076142
"390" 1 0.955801104972376 0.955801104972376
"391" 1 0.970588235294118 0.970588235294118
"392" 1 0.904522613065327 0.904522613065327
"393" 1 0.973404255319149 0.973404255319149
"394" 1 0.945273631840796 0.945273631840796
"395" 1 0.979166666666667 0.979166666666667
"396" 1 0.929347826086957 0.929347826086957
"397" 1 0.927777777777778 0.927777777777778
"398" 0.844 0.965853658536585 0.873170731707317
"399" 1 0.974226804123711 0.974226804123711
"400" 0.724 0.892307692307692 0.758974358974359
"401" 0.986 0.978723404255319 0.978723404255319
"402" 1 0.940217391304348 0.940217391304348
"403" 1 0.930635838150289 0.930635838150289
"404" 1 0.942708333333333 0.942708333333333
"405" 1 0.715189873417722 0.715189873417722
"406" 0.89 0.967213114754098 0.912568306010929
"407" 1 0.922330097087379 0.922330097087379
"408" 1 0.995024875621891 0.995024875621891
"409" 1 0.994535519125683 0.994535519125683
"410" 1 0.895604395604396 0.895604395604396
"411" 0.68 0.895833333333333 0.739583333333333
"412" 1 0.944723618090452 0.944723618090452
"413" 1 0.935323383084577 0.935323383084577
"414" 1 0.816091954022989 0.816091954022989
"415" 0.978 0.990384615384615 0.985576923076923
"416" 1 0.977011494252874 0.977011494252874
"417" 1 0.961325966850829 0.961325966850829
"418" 1 0.837696335078534 0.837696335078534
"419" 1 0.964285714285714 0.964285714285714
"420" 1 0.941798941798942 0.941798941798942
"421" 0.804 0.953757225433526 0.890173410404624
"422" 1 0.907608695652174 0.907608695652174
"423" 0.822 0.974619289340102 0.888324873096447
"424" 0.842 0.962962962962963 0.899470899470899
"425" 1 0.91812865497076 0.91812865497076
"426" 0.97 1 0.983870967741935
"427" 1 0.994594594594595 0.994594594594595
"428" 1 0.916230366492147 0.916230366492147
"429" 1 0.965116279069767 0.965116279069767
"430" 1 0.93854748603352 0.93854748603352
"431" 1 1 1
"432" 1 0.945945945945946 0.945945945945946
"433" 0.7 0.96551724137931 0.827586206896552
"434" 0.588 0.87027027027027 0.659459459459459
"435" 1 0.950738916256158 0.950738916256158
"436" 1 0.932291666666667 0.932291666666667
"437" 1 0.931578947368421 0.931578947368421
"438" 1 0.937823834196891 0.937823834196891
"439" 1 1 1
"440" 1 0.962765957446808 0.962765957446808
"441" 1 0.934343434343434 0.934343434343434
"442" 1 0.930232558139535 0.930232558139535
"443" 1 0.985148514851485 0.985148514851485
"444" 1 0.982142857142857 0.982142857142857
"445" 1 0.933333333333333 0.933333333333333
"446" 1 0.940217391304348 0.940217391304348
"447" 1 0.901098901098901 0.901098901098901
"448" 1 0.945 0.945
"449" 1 0.941489361702128 0.941489361702128
"450" 1 0.947089947089947 0.947089947089947
"451" 1 0.529411764705882 0.529411764705882
"452" 1 0.968911917098446 0.968911917098446
"453" 0.99 0.889473684210526 0.889473684210526
"454" 0.808 0.995098039215686 0.887254901960784
"455" 0.806 0.964646464646465 0.888888888888889
"456" 0.584 0.883333333333333 0.611111111111111
"457" 1 0.994252873563218 0.994252873563218
"458" 1 0.955555555555556 0.955555555555556
"459" 1 0.9 0.9
"460" 1 0.978494623655914 0.978494623655914
"461" 0.866 0.959770114942529 0.879310344827586
"462" 1 0.940119760479042 0.940119760479042
"463" 1 0.88622754491018 0.88622754491018
"464" 1 0.890710382513661 0.890710382513661
"465" 1 0.955 0.955
"466" 0.826 0.897142857142857 0.851428571428571
"467" 1 0.93717277486911 0.93717277486911
"468" 0.888 0.950276243093923 0.878453038674033
"469" 1 0.959770114942529 0.959770114942529
"470" 1 0.946524064171123 0.946524064171123
"471" 1 0.921875 0.921875
"472" 1 0.96875 0.96875
"473" 0.89 0.939890710382514 0.775956284153005
"474" 1 0.994871794871795 0.994871794871795
"475" 1 0.977777777777778 0.977777777777778
"476" 1 1 1
"477" 1 0.993827160493827 0.993827160493827
"478" 0.834 0.972826086956522 0.918478260869565
"479" 0.768 0.941176470588235 0.807486631016043
"480" 1 0.958579881656805 0.958579881656805
"481" 1 0.975369458128079 0.975369458128079
"482" 1 0.965346534653465 0.965346534653465
"483" 0.872 0.962962962962963 0.894179894179894
"484" 1 0.922222222222222 0.922222222222222
"485" 1 0.80952380952381 0.80952380952381
"486" 1 1 1
"487" 1 0.926553672316384 0.926553672316384
"488" 1 0.968553459119497 0.968553459119497
"489" 1 0.98974358974359 0.98974358974359
"490" 0.898 0.994791666666667 0.942708333333333
"491" 1 0.818181818181818 0.818181818181818
"492" 1 0.91812865497076 0.91812865497076
"493" NA NA NA
"494" 1 0.911242603550296 0.911242603550296
"495" 1 0.954773869346734 0.954773869346734
"496" 0.728 0.903954802259887 0.774011299435028
"497" 1 0.984042553191489 0.984042553191489
"498" 1 0.881720430107527 0.881720430107527
"499" 1 0.978723404255319 0.978723404255319
"500" 1 0.989417989417989 0.989417989417989
"501" 1 1 1
"502" 0.664 0.971751412429379 0.796610169491525
"503" 0.822 0.953757225433526 0.69364161849711
"504" 1 0.94300518134715 0.94300518134715
"505" 1 0.893939393939394 0.893939393939394
"506" 1 0.947643979057592 0.947643979057592
"507" 1 0.972375690607735 0.972375690607735
"508" 1 0.942105263157895 0.942105263157895
"509" 1 0.903225806451613 0.903225806451613
"510" 0.814 0.929411764705882 0.841176470588235
"511" 1 0.959798994974874 0.959798994974874
"512" 1 0.994505494505495 0.994505494505495
"513" 1 0.99468085106383 0.99468085106383
"514" 1 0.939226519337017 0.939226519337017
"515" 1 0.881720430107527 0.881720430107527
"516" 1 0.935672514619883 0.935672514619883
"517" 1 0.967213114754098 0.967213114754098
"518" 1 0.958333333333333 0.958333333333333
"519" 1 1 1
"520" 1 0.893617021276596 0.893617021276596
"521" 1 0.990521327014218 0.990521327014218
"522" 1 0.943181818181818 0.943181818181818
"523" 1 0.790816326530612 0.790816326530612
"524" 1 0.900523560209424 0.900523560209424
"525" 0.968 0.952631578947368 0.926315789473684
"526" 1 0.927835051546392 0.927835051546392
"527" 1 0.924324324324324 0.924324324324324
"528" 1 0.973821989528796 0.973821989528796
"529" 1 0.812206572769953 0.812206572769953
"530" 1 0.961111111111111 0.961111111111111
"531" 1 0.91 0.91
"532" 1 0.853107344632768 0.853107344632768
"533" 1 0.797872340425532 0.797872340425532
"534" 1 0.946524064171123 0.946524064171123
"535" 1 0.948979591836735 0.948979591836735
"536" 0.91 0.941489361702128 0.872340425531915
"537" 1 0.968253968253968 0.968253968253968
"538" 1 0.984536082474227 0.984536082474227
"539" 0.756 0.96045197740113 0.830508474576271
"540" 0.968 0.886699507389163 0.87192118226601
"541" 1 0.930232558139535 0.930232558139535
"542" 1 0.958333333333333 0.958333333333333
"543" 1 0.93048128342246 0.93048128342246
"544" 1 0.949238578680203 0.949238578680203
"545" 1 0.953125 0.953125
"546" 1 0.895833333333333 0.895833333333333
"547" 1 0.983870967741935 0.983870967741935
"548" 0.7 0.926966292134832 0.747191011235955
"549" 1 0.978260869565217 0.978260869565217
"550" 1 0.954022988505747 0.954022988505747
"551" 1 0.929411764705882 0.929411764705882
"552" 1 0.552486187845304 0.552486187845304
"553" 1 0.979057591623037 0.979057591623037
"554" 1 0.898876404494382 0.898876404494382
"555" 1 0.952879581151832 0.952879581151832
"556" 1 0.627906976744186 0.627906976744186
"557" 1 0.940860215053763 0.940860215053763
"558" 0.892 0.983783783783784 0.935135135135135
"559" 0.812 0.907216494845361 0.814432989690722
"560" 1 0.943589743589744 0.943589743589744
"561" 1 0.607329842931937 0.607329842931937
"562" 0.768 0.909090909090909 0.807486631016043
"563" 1 0.950276243093923 0.950276243093923
"564" 1 0.927461139896373 0.927461139896373
"565" 1 0.962365591397849 0.962365591397849
"566" 1 0.883597883597884 0.883597883597884
"567" 1 0.926380368098159 0.926380368098159
"568" 1 0.946078431372549 0.946078431372549
"569" 1 0.98469387755102 0.98469387755102
"570" 0.776 0.951871657754011 0.850267379679144
"571" 1 0.558823529411765 0.558823529411765
"572" 1 1 1
"573" 1 0.910614525139665 0.910614525139665
"574" 1 0.87 0.87
"575" 1 0.984126984126984 0.984126984126984
"576" 1 0.945652173913043 0.945652173913043
"577" 0.948 0.867724867724868 0.761904761904762
"578" 1 0.995073891625616 0.995073891625616
"579" 1 0.962566844919786 0.962566844919786
"580" 1 1 1
"581" 1 0.957575757575758 0.957575757575758
"582" 1 0.994974874371859 0.994974874371859
"583" 1 0.944444444444444 0.944444444444444
"584" 1 0.951086956521739 0.951086956521739
"585" 1 0.890243902439024 0.890243902439024
"586" 0.976 0.906432748538012 0.900584795321637
"587" 0.998 0.978947368421053 0.973684210526316
"588" 1 0.974226804123711 0.974226804123711
"589" 1 0.923913043478261 0.923913043478261
"590" 0.794 0.939226519337017 0.861878453038674
"591" 1 0.955696202531646 0.955696202531646
"592" 1 0.764705882352941 0.764705882352941
"593" 0.95 0.983695652173913 0.945652173913043
"594" 1 1 1
"595" 1 0.964467005076142 0.964467005076142
"596" 1 0.968253968253968 0.968253968253968
"597" 1 0.919540229885057 0.919540229885057
"598" 1 0.863157894736842 0.863157894736842
"599" 1 0.78804347826087 0.78804347826087
"600" 1 0.988826815642458 0.988826815642458
"601" 1 0.820809248554913 0.820809248554913
"602" 1 0.870967741935484 0.870967741935484
"603" 1 0.914691943127962 0.914691943127962
"604" 1 0.910614525139665 0.910614525139665
"605" 1 0.983240223463687 0.983240223463687
"606" 1 0.948717948717949 0.948717948717949
"607" 0.708 0.972826086956522 0.875
"608" 1 0.982954545454545 0.982954545454545
"609" 1 0.795580110497238 0.795580110497238
"610" 0.884 0.968253968253968 0.941798941798942
"611" 1 0.98876404494382 0.98876404494382
"612" 1 0.972067039106145 0.972067039106145
"613" 0.986 0.926108374384236 0.926108374384236
"614" 1 0.9 0.9
"615" 1 0.938144329896907 0.938144329896907
"616" 1 0.950819672131147 0.950819672131147
"617" 1 0.92972972972973 0.92972972972973
"618" 1 0.916666666666667 0.916666666666667
"619" 1 0.910614525139665 0.910614525139665
"620" 0.8 0.898936170212766 0.803191489361702
"621" 1 0.97029702970297 0.97029702970297
"622" 1 0.971751412429379 0.971751412429379
"623" 1 0.938888888888889 0.938888888888889
"624" 1 0.941520467836257 0.941520467836257
"625" 0.962 1 0.988304093567251
"626" 1 0.983695652173913 0.983695652173913
"627" 1 0.919540229885057 0.919540229885057
"628" 1 0.915730337078652 0.915730337078652
"629" 1 1 1
"630" 1 0.897849462365591 0.897849462365591
"631" 1 0.771144278606965 0.771144278606965
"632" 1 1 1
"633" 1 0.945355191256831 0.945355191256831
"634" 1 0.977777777777778 0.977777777777778
"635" 0.954 0.941798941798942 0.931216931216931
"636" 1 0.984375 0.984375
"637" 1 0.898876404494382 0.898876404494382
"638" 0.638 0.994594594594595 0.778378378378378
"639" 1 0.994623655913978 0.994623655913978
"640" 1 0.950276243093923 0.950276243093923
"641" 1 0.989949748743719 0.989949748743719
"642" 1 0.937823834196891 0.937823834196891
"643" 0.992 0.881443298969072 0.881443298969072
"644" 0.99 0.701149425287356 0.701149425287356
"645" 1 0.984210526315789 0.984210526315789
"646" 1 0.878172588832487 0.878172588832487
"647" 1 0.975247524752475 0.975247524752475
"648" 1 0.994845360824742 0.994845360824742
"649" 1 0.956284153005464 0.956284153005464
"650" 1 0.970588235294118 0.970588235294118
"651" 0.792 0.783068783068783 0.724867724867725
"652" 1 0.864864864864865 0.864864864864865
"653" 1 0.985365853658537 0.985365853658537
"654" 1 0.947643979057592 0.947643979057592
"655" 0.962 0.919753086419753 0.919753086419753
"656" 1 0.82122905027933 0.82122905027933
"657" 1 0.98 0.98
"658" 1 0.819209039548023 0.819209039548023
"659" 1 1 1
"660" 1 0.885869565217391 0.885869565217391
"661" 1 0.879396984924623 0.879396984924623
"662" 1 0.92090395480226 0.92090395480226
"663" 1 0.966507177033493 0.966507177033493
"664" 1 0.945 0.945
"665" 1 0.936416184971098 0.936416184971098
"666" 0.786 0.94 0.825
"667" 1 0.977653631284916 0.977653631284916
"668" 1 0.994565217391304 0.994565217391304
"669" 1 0.989847715736041 0.989847715736041
"670" 1 0.895604395604396 0.895604395604396
"671" 1 0.972222222222222 0.972222222222222
"672" 1 0.877094972067039 0.877094972067039
"673" 1 0.984455958549223 0.984455958549223
"674" 1 1 1
"675" 1 0.993865030674847 0.993865030674847
"676" 0.87 0.926966292134832 0.882022471910112
"677" 1 0.841463414634146 0.841463414634146
"678" 1 0.968253968253968 0.968253968253968
"679" 1 0.926966292134832 0.926966292134832
"680" 1 0.941176470588235 0.941176470588235
"681" 1 0.93717277486911 0.93717277486911
"682" 1 0.778350515463918 0.778350515463918
"683" 1 0.966666666666667 0.966666666666667
"684" 1 0.994652406417112 0.994652406417112
"685" 1 0.92964824120603 0.92964824120603
"686" 1 0.841025641025641 0.841025641025641
"687" 1 0.919597989949749 0.919597989949749
"688" 1 0.941860465116279 0.941860465116279
"689" 0.616 0.957219251336898 0.705882352941177
"690" 1 0.962162162162162 0.962162162162162
"691" 1 0.994764397905759 0.994764397905759
"692" 1 0.905027932960894 0.905027932960894
"693" 1 0.936507936507937 0.936507936507937
"694" 0.702 0.938202247191011 0.764044943820225
"695" 1 0.905325443786982 0.905325443786982
"696" 1 0.967741935483871 0.967741935483871
"697" 1 0.984771573604061 0.984771573604061
"698" 1 0.994475138121547 0.994475138121547
"699" 1 1 1
"700" 1 0.759358288770054 0.759358288770054
"701" 1 0.948453608247423 0.948453608247423
"702" 1 0.914438502673797 0.914438502673797
"703" 1 0.933701657458563 0.933701657458563
"704" 0.898 0.954022988505747 0.896551724137931
"705" 1 0.953125 0.953125
"706" 0.876 0.922680412371134 0.871134020618557
"707" 0.848 0.951807228915663 0.86144578313253
"708" 0.938 0.890052356020942 0.87434554973822
"709" 1 0.946745562130177 0.946745562130177
"710" 0.71 0.92 0.771428571428571
"711" 1 0.958549222797927 0.958549222797927
"712" 1 0.938144329896907 0.938144329896907
"713" 1 0.848958333333333 0.848958333333333
"714" 1 0.956043956043956 0.956043956043956
"715" 1 0.947643979057592 0.947643979057592
"716" 1 0.994152046783626 0.994152046783626
"717" 1 0.956284153005464 0.956284153005464
"718" 1 0.944444444444444 0.944444444444444
"719" 0.768 0.883248730964467 0.756345177664975
"720" 1 0.958579881656805 0.958579881656805
"721" 1 0.89247311827957 0.89247311827957
"722" 1 0.948453608247423 0.948453608247423
"723" 1 0.988505747126437 0.988505747126437
"724" 1 0.981818181818182 0.981818181818182
"725" 1 0.913513513513514 0.913513513513514
"726" 1 0.934426229508197 0.934426229508197
"727" 1 0.935483870967742 0.935483870967742
"728" 1 0.967213114754098 0.967213114754098
"729" 1 1 1
"730" 1 0.985148514851485 0.985148514851485
"731" 0.978 0.904494382022472 0.887640449438202
"732" 1 0.872222222222222 0.872222222222222
"733" 1 0.916230366492147 0.916230366492147
"734" 1 0.934426229508197 0.934426229508197
"735" 1 1 1
"736" 0.922 0.819672131147541 0.754098360655738
"737" 1 1 1
"738" 1 0.87027027027027 0.87027027027027
"739" 1 0.948275862068966 0.948275862068966
"740" 1 0.867469879518072 0.867469879518072
"741" 1 0.961352657004831 0.961352657004831
"742" 1 1 1
"743" 1 0.983516483516483 0.983516483516483
"744" 1 0.912280701754386 0.912280701754386
"745" 1 0.939759036144578 0.939759036144578
"746" 1 1 1
"747" 1 0.94300518134715 0.94300518134715
"748" 0.846 0.972826086956522 0.902173913043478
"749" 0.794 0.972826086956522 0.869565217391304
"750" 1 0.903743315508021 0.903743315508021
"751" 1 0.835 0.835
"752" 1 0.956521739130435 0.956521739130435
"753" 1 0.966666666666667 0.966666666666667
"754" 1 0.942196531791908 0.942196531791908
"755" 1 0.994505494505495 0.994505494505495
"756" 1 0.989795918367347 0.989795918367347
"757" 1 0.93048128342246 0.93048128342246
"758" 1 0.853260869565217 0.853260869565217
"759" 1 0.958762886597938 0.958762886597938
"760" 1 0.978142076502732 0.978142076502732
"761" 1 0.951086956521739 0.951086956521739
"762" 1 0.91812865497076 0.91812865497076
"763" 0.922 0.88953488372093 0.866279069767442
"764" 0.94 0.968421052631579 0.947368421052632
"765" 0.88 0.994652406417112 0.962566844919786
"766" 0.666 0.947368421052632 0.757894736842105
"767" 1 0.994764397905759 0.994764397905759
"768" 1 0.935294117647059 0.935294117647059
"769" 1 1 1
"770" 1 0.948717948717949 0.948717948717949
"771" 1 0.890710382513661 0.890710382513661
"772" 1 0.943181818181818 0.943181818181818
"773" 0.952 0.917948717948718 0.912820512820513
"774" 1 0.960893854748603 0.960893854748603
"775" 1 0.821052631578947 0.821052631578947
"776" 0.672 0.989637305699482 0.792746113989637
"777" 0.592 0.869565217391304 0.679347826086957
"778" 0.836 0.968911917098446 0.886010362694301
"779" 1 0.966480446927374 0.966480446927374
"780" 1 0.98989898989899 0.98989898989899
"781" 1 0.77319587628866 0.77319587628866
"782" 1 0.932098765432099 0.932098765432099
"783" 1 0.93 0.93
"784" 1 0.868131868131868 0.868131868131868
"785" 1 0.972375690607735 0.972375690607735
"786" 1 0.956521739130435 0.956521739130435
"787" 1 0.983516483516483 0.983516483516483
"788" 1 0.974358974358974 0.974358974358974
"789" 1 1 1
"790" 1 0.945945945945946 0.945945945945946
"791" 1 0.979274611398964 0.979274611398964
"792" 1 0.994413407821229 0.994413407821229
"793" 1 0.911602209944751 0.911602209944751
"794" 1 0.948186528497409 0.948186528497409
"795" 1 0.9 0.9
"796" 1 0.803108808290155 0.803108808290155
"797" 1 0.920634920634921 0.920634920634921
"798" 1 0.866666666666667 0.866666666666667
"799" 1 0.88135593220339 0.88135593220339
"800" 1 0.912820512820513 0.912820512820513
"801" 1 0.911764705882353 0.911764705882353
"802" 1 0.968085106382979 0.968085106382979
"803" 1 0.862944162436548 0.862944162436548
"804" 1 0.937853107344633 0.937853107344633
"805" 1 0.994565217391304 0.994565217391304
"806" 1 0.941176470588235 0.941176470588235
"807" 1 0.923076923076923 0.923076923076923
"808" 0.874 0.976303317535545 0.928909952606635
"809" 1 0.954081632653061 0.954081632653061
"810" 1 0.9375 0.9375
"811" 1 0.978947368421053 0.978947368421053
"812" 1 0.917948717948718 0.917948717948718
"813" 0.934 0.972972972972973 0.956756756756757
"814" 0.848 0.936170212765957 0.867021276595745
"815" 1 0.824858757062147 0.824858757062147
"816" 1 0.925742574257426 0.925742574257426
"817" 0.77 0.867052023121387 0.76878612716763
"818" 1 0.938461538461538 0.938461538461538
"819" 1 0.89247311827957 0.89247311827957
"820" 1 0.971751412429379 0.971751412429379
"821" 1 0.994764397905759 0.994764397905759
"822" 1 0.916666666666667 0.916666666666667
"823" 0.85 0.876470588235294 0.847058823529412
"824" 1 0.947916666666667 0.947916666666667
"825" 1 0.970588235294118 0.970588235294118
"826" 1 0.989189189189189 0.989189189189189
"827" 1 0.965346534653465 0.965346534653465
"828" 1 0.985074626865672 0.985074626865672
"829" 1 0.955665024630542 0.955665024630542
"830" 1 0.873563218390805 0.873563218390805
"831" 1 0.963730569948187 0.963730569948187
"832" 1 0.985074626865672 0.985074626865672
"833" 1 0.954802259887006 0.954802259887006
"834" 1 0.989417989417989 0.989417989417989
"835" 1 0.981042654028436 0.981042654028436
"836" 1 0.98936170212766 0.98936170212766
"837" 0.776 0.989010989010989 0.851648351648352
"838" 0.932 0.970760233918129 0.929824561403509
"839" 0.728 0.971098265895954 0.84393063583815
"840" 0.692 0.9875 0.75625
"841" 1 0.942028985507246 0.942028985507246
"842" 1 0.905 0.905
"843" 1 0.972222222222222 0.972222222222222
"844" 1 0.873015873015873 0.873015873015873
"845" 1 0.887700534759358 0.887700534759358
"846" 1 0.988888888888889 0.988888888888889
"847" 0.842 0.965174129353234 0.890547263681592
"848" 1 0.911602209944751 0.911602209944751
"849" 1 0.89010989010989 0.89010989010989
"850" 1 0.949438202247191 0.949438202247191
"851" 0.642 0.930851063829787 0.74468085106383
"852" 1 0.8 0.8
"853" 1 0.976635514018692 0.976635514018692
"854" 1 0.977011494252874 0.977011494252874
"855" 0.78 1 0.891304347826087
"856" 0.974 0.905263157894737 0.905263157894737
"857" 1 0.978609625668449 0.978609625668449
"858" 1 0.994974874371859 0.994974874371859
"859" 1 0.945812807881773 0.945812807881773
"860" 1 0.802139037433155 0.802139037433155
"861" 1 0.96 0.96
"862" 0.794 0.951086956521739 0.826086956521739
"863" 1 0.970588235294118 0.970588235294118
"864" 0.918 0.900552486187845 0.762430939226519
"865" 1 0.947368421052632 0.947368421052632
"866" 1 0.951871657754011 0.951871657754011
"867" 0.916 0.898305084745763 0.847457627118644
"868" 1 0.962365591397849 0.962365591397849
"869" 1 0.82258064516129 0.82258064516129
"870" 1 0.928205128205128 0.928205128205128
"871" 1 0.967914438502674 0.967914438502674
"872" 1 0.861878453038674 0.861878453038674
"873" 1 0.988165680473373 0.988165680473373
"874" 0.922 0.98 0.96
"875" 1 1 1
"876" 1 0.974619289340102 0.974619289340102
"877" 0.606 0.969072164948454 0.77319587628866
"878" 1 0.930232558139535 0.930232558139535
"879" 1 0.923469387755102 0.923469387755102
"880" 1 0.942857142857143 0.942857142857143
"881" 1 0.971014492753623 0.971014492753623
"882" 0.882 0.925287356321839 0.873563218390805
"883" 1 1 1
"884" 0.882 0.884615384615385 0.835164835164835
"885" 1 0.977142857142857 0.977142857142857
"886" 1 0.96195652173913 0.96195652173913
"887" 1 0.937853107344633 0.937853107344633
"888" 0.934 0.935828877005348 0.914438502673797
"889" 1 0.685082872928177 0.685082872928177
"890" 1 0.957219251336898 0.957219251336898
"891" 1 0.995 0.995
"892" 0.904 0.91005291005291 0.851851851851852
"893" 1 0.962566844919786 0.962566844919786
"894" 1 0.960893854748603 0.960893854748603
"895" 1 0.95906432748538 0.95906432748538
"896" 1 0.915841584158416 0.915841584158416
"897" 1 0.89 0.89
"898" 1 0.97752808988764 0.97752808988764
"899" 1 0.956043956043956 0.956043956043956
"900" 1 0.760869565217391 0.760869565217391
"901" 1 0.950310559006211 0.950310559006211
"902" 1 0.920634920634921 0.920634920634921
"903" 1 0.90547263681592 0.90547263681592
"904" 1 0.983957219251337 0.983957219251337
"905" 1 0.994011976047904 0.994011976047904
"906" 1 0.96551724137931 0.96551724137931
"907" 0.988 0.982142857142857 0.982142857142857
"908" 1 0.994791666666667 0.994791666666667
"909" 1 0.971428571428571 0.971428571428571
"910" 1 0.955555555555556 0.955555555555556
"911" 1 0.876923076923077 0.876923076923077
"912" 0.95 0.940217391304348 0.91304347826087
"913" 1 0.978142076502732 0.978142076502732
"914" 0.8 0.958974358974359 0.835897435897436
"915" 0.96 0.989473684210526 0.957894736842105
"916" 1 0.940860215053763 0.940860215053763
"917" 0.996 0.92896174863388 0.92896174863388
"918" 1 0.925714285714286 0.925714285714286
"919" 0.934 0.960227272727273 0.920454545454545
"920" 1 0.926966292134832 0.926966292134832
"921" 1 1 1
"922" 1 0.951612903225806 0.951612903225806
"923" 1 0.960893854748603 0.960893854748603
"924" 1 0.909574468085106 0.909574468085106
"925" 1 0.854054054054054 0.854054054054054
"926" 1 0.839080459770115 0.839080459770115
"927" 1 0.860824742268041 0.860824742268041
"928" 1 0.994565217391304 0.994565217391304
"929" 1 1 1
"930" 1 0.977653631284916 0.977653631284916
"931" 0.978 0.956284153005464 0.939890710382514
"932" 1 0.902173913043478 0.902173913043478
"933" 0.764 0.939226519337017 0.87292817679558
"934" 1 0.857142857142857 0.857142857142857
"935" 1 0.974358974358974 0.974358974358974
"936" 0.824 0.968586387434555 0.879581151832461
"937" 1 0.903743315508021 0.903743315508021
"938" 1 0.971590909090909 0.971590909090909
"939" 1 0.878980891719745 0.878980891719745
"940" 1 0.972527472527473 0.972527472527473
"941" 1 0.896551724137931 0.896551724137931
"942" 1 0.925133689839572 0.925133689839572
"943" 0.932 0.942196531791908 0.913294797687861
"944" 1 0.935672514619883 0.935672514619883
"945" 0.624 0.935135135135135 0.751351351351351
"946" 1 0.989304812834225 0.989304812834225
"947" 1 0.8875 0.8875
"948" 1 0.975247524752475 0.975247524752475
"949" 1 0.95360824742268 0.95360824742268
"950" 1 0.969230769230769 0.969230769230769
"951" 1 0.958083832335329 0.958083832335329
"952" 0.888 0.988700564971751 0.954802259887006
"953" 1 0.725806451612903 0.725806451612903
"954" 1 0.881720430107527 0.881720430107527
"955" 1 0.867403314917127 0.867403314917127
"956" 1 0.74331550802139 0.74331550802139
"957" 1 0.952879581151832 0.952879581151832
"958" 1 0.966101694915254 0.966101694915254
"959" 1 0.928571428571429 0.928571428571429
"960" 1 0.73469387755102 0.73469387755102
"961" 1 0.948186528497409 0.948186528497409
"962" 0.93 0.965909090909091 0.9375
"963" 1 0.938461538461538 0.938461538461538
"964" 1 0.935135135135135 0.935135135135135
"965" 1 1 1
"966" 1 0.93854748603352 0.93854748603352
"967" 1 1 1
"968" 1 1 1
"969" 1 0.989949748743719 0.989949748743719
"970" 1 0.976470588235294 0.976470588235294
"971" 1 0.893854748603352 0.893854748603352
"972" 1 1 1
"973" 1 0.989949748743719 0.989949748743719
"974" 1 0.970238095238095 0.970238095238095
"975" 1 0.945812807881773 0.945812807881773
"976" 1 0.965909090909091 0.965909090909091
"977" 1 0.672131147540984 0.672131147540984
"978" 0.97 0.917127071823204 0.87292817679558
"979" 1 0.789772727272727 0.789772727272727
"980" 1 0.960674157303371 0.960674157303371
"981" 1 0.898550724637681 0.898550724637681
"982" 1 0.877450980392157 0.877450980392157
"983" 1 0.951515151515152 0.951515151515152
"984" 1 0.897959183673469 0.897959183673469
"985" NA NA NA
"986" 0.86 0.989417989417989 0.936507936507937
"987" 1 0.954285714285714 0.954285714285714
"988" 0.916 1 0.962962962962963
"989" 1 0.905759162303665 0.905759162303665
"990" 1 0.833333333333333 0.833333333333333
"991" 1 0.989583333333333 0.989583333333333
"992" 1 0.903061224489796 0.903061224489796
"993" 1 0.953757225433526 0.953757225433526
"994" 0.986 0.951612903225806 0.946236559139785
"995" 1 0.935960591133005 0.935960591133005
"996" 1 0.963541666666667 0.963541666666667
"997" 1 1 1
"998" 1 0.91005291005291 0.91005291005291
"999" 1 0.946236559139785 0.946236559139785
"1000" 1 0.946524064171123 0.946524064171123
