"V1" "V2" "V3"
"1" 1 0.926470588235294 0.926470588235294
"2" 1 1 1
"3" 1 0.972431077694236 0.972431077694236
"4" 1 0.926395939086294 0.926395939086294
"5" 1 0.931989924433249 0.931989924433249
"6" 1 0.977040816326531 0.977040816326531
"7" 1 0.987405541561713 0.987405541561713
"8" 1 0.932367149758454 0.932367149758454
"9" 1 0.992481203007519 0.992481203007519
"10" 1 0.977611940298508 0.977611940298508
"11" 1 0.97799511002445 0.97799511002445
"12" 1 0.997422680412371 0.997422680412371
"13" 0.804 0.869791666666667 0.692708333333333
"14" 1 0.957070707070707 0.957070707070707
"15" 0.71 0.976439790575916 0.68848167539267
"16" 1 0.881909547738693 0.881909547738693
"17" 1 0.941451990632319 0.941451990632319
"18" 1 0.99746192893401 0.99746192893401
"19" 1 0.984924623115578 0.984924623115578
"20" 1 0.926108374384236 0.926108374384236
"21" 1 0.96029776674938 0.96029776674938
"22" 0.936 0.962406015037594 0.894736842105263
"23" 1 0.938461538461538 0.938461538461538
"24" 0.926 0.838383838383838 0.787878787878788
"25" 1 0.982456140350877 0.982456140350877
"26" 1 0.849104859335038 0.849104859335038
"27" 1 0.935802469135802 0.935802469135802
"28" 0.848 0.924812030075188 0.784461152882206
"29" 1 0.990267639902676 0.990267639902676
"30" 1 0.938423645320197 0.938423645320197
"31" NA NA NA
"32" 1 0.926208651399491 0.926208651399491
"33" 0.922 0.902255639097744 0.829573934837093
"34" 1 0.966265060240964 0.966265060240964
"35" 1 0.91183879093199 0.91183879093199
"36" 1 0.943444730077121 0.943444730077121
"37" 1 0.84251968503937 0.84251968503937
"38" 1 0.897058823529412 0.897058823529412
"39" 1 0.851662404092072 0.851662404092072
"40" 1 0.915841584158416 0.915841584158416
"41" 1 0.923267326732673 0.923267326732673
"42" 1 0.979949874686717 0.979949874686717
"43" 1 0.987714987714988 0.987714987714988
"44" 1 0.985074626865672 0.985074626865672
"45" 1 0.857843137254902 0.857843137254902
"46" 0.896 0.906735751295337 0.829015544041451
"47" 0.93 0.99234693877551 0.931122448979592
"48" 1 0.872395833333333 0.872395833333333
"49" 1 0.992628992628993 0.992628992628993
"50" 1 0.970731707317073 0.970731707317073
"51" 0.946 0.987244897959184 0.923469387755102
"52" 1 0.977099236641221 0.977099236641221
"53" 1 0.874074074074074 0.874074074074074
"54" 0.954 0.953727506426735 0.917737789203085
"55" 1 0.962871287128713 0.962871287128713
"56" 1 0.917274939172749 0.917274939172749
"57" 1 0.950372208436725 0.950372208436725
"58" 0.964 0.9975 0.9725
"59" 0.81 0.944020356234097 0.765903307888041
"60" 0.942 0.794486215538847 0.74937343358396
"61" 0.602 0.921717171717172 0.54040404040404
"62" 1 0.96039603960396 0.96039603960396
"63" 1 0.87467362924282 0.87467362924282
"64" 1 0.97283950617284 0.97283950617284
"65" 1 0.967254408060453 0.967254408060453
"66" 1 0.979695431472081 0.979695431472081
"67" 1 0.96 0.96
"68" 1 0.917705735660848 0.917705735660848
"69" 1 0.98034398034398 0.98034398034398
"70" 1 0.978622327790974 0.978622327790974
"71" 1 0.946564885496183 0.946564885496183
"72" 1 0.947761194029851 0.947761194029851
"73" 1 0.995169082125604 0.995169082125604
"74" 1 0.963824289405685 0.963824289405685
"75" 1 0.911111111111111 0.911111111111111
"76" 1 0.945 0.945
"77" 1 0.941489361702128 0.941489361702128
"78" 1 0.89405684754522 0.89405684754522
"79" 1 0.994962216624685 0.994962216624685
"80" 1 0.968973747016706 0.968973747016706
"81" 0.974 0.881481481481482 0.864197530864197
"82" 1 0.856435643564356 0.856435643564356
"83" 1 0.930232558139535 0.930232558139535
"84" 1 0.943444730077121 0.943444730077121
"85" 1 0.916455696202532 0.916455696202532
"86" 1 0.980952380952381 0.980952380952381
"87" 1 0.977556109725686 0.977556109725686
"88" 1 0.739130434782609 0.739130434782609
"89" 1 0.99 0.99
"90" 1 0.984886649874055 0.984886649874055
"91" 1 0.997601918465228 0.997601918465228
"92" 0.632 0.912596401028278 0.562982005141388
"93" 1 0.946153846153846 0.946153846153846
"94" 1 0.949367088607595 0.949367088607595
"95" 1 0.809069212410501 0.809069212410501
"96" 0.862 0.974874371859296 0.851758793969849
"97" 1 0.929824561403509 0.929824561403509
"98" 1 0.811735941320293 0.811735941320293
"99" 1 0.88265306122449 0.88265306122449
"100" 1 0.962593516209476 0.962593516209476
"101" 1 0.957393483709273 0.957393483709273
"102" 1 1 1
"103" 1 0.992481203007519 0.992481203007519
"104" 1 0.889434889434889 0.889434889434889
"105" 1 0.87719298245614 0.87719298245614
"106" 1 0.95320197044335 0.95320197044335
"107" 1 0.946969696969697 0.946969696969697
"108" 1 0.994936708860759 0.994936708860759
"109" 1 0.9425 0.9425
"110" 1 0.929611650485437 0.929611650485437
"111" 0.964 0.910941475826972 0.875318066157761
"112" 1 0.995145631067961 0.995145631067961
"113" 1 0.959390862944162 0.959390862944162
"114" 0.94 0.896296296296296 0.841975308641975
"115" 1 0.997435897435897 0.997435897435897
"116" 1 0.979328165374677 0.979328165374677
"117" 1 0.955223880597015 0.955223880597015
"118" 1 0.919597989949749 0.919597989949749
"119" 1 0.971496437054632 0.971496437054632
"120" 0.87 0.989637305699482 0.870466321243523
"121" 1 0.992592592592593 0.992592592592593
"122" 1 0.977329974811083 0.977329974811083
"123" 1 0.895287958115183 0.895287958115183
"124" 1 0.992592592592593 0.992592592592593
"125" 1 0.984575835475578 0.984575835475578
"126" 1 0.863861386138614 0.863861386138614
"127" 1 1 1
"128" 1 0.992307692307692 0.992307692307692
"129" 1 0.982968369829684 0.982968369829684
"130" 1 0.997555012224939 0.997555012224939
"131" 1 0.925187032418953 0.925187032418953
"132" 1 0.933333333333333 0.933333333333333
"133" 1 0.919902912621359 0.919902912621359
"134" 1 0.932668329177057 0.932668329177057
"135" 1 0.927007299270073 0.927007299270073
"136" 1 0.962593516209476 0.962593516209476
"137" 1 0.955 0.955
"138" 0.96 0.935802469135802 0.898765432098765
"139" 1 0.985611510791367 0.985611510791367
"140" 1 0.983213429256595 0.983213429256595
"141" 1 0.886255924170616 0.886255924170616
"142" 1 0.958974358974359 0.958974358974359
"143" 1 0.93 0.93
"144" 0.988 0.868686868686869 0.856060606060606
"145" 1 0.977272727272727 0.977272727272727
"146" 1 0.954430379746835 0.954430379746835
"147" 1 0.858942065491184 0.858942065491184
"148" 1 0.851010101010101 0.851010101010101
"149" 1 0.982800982800983 0.982800982800983
"150" 1 0.926650366748166 0.926650366748166
"151" 0.94 0.959390862944162 0.903553299492386
"152" 1 0.990521327014218 0.990521327014218
"153" 1 0.846560846560847 0.846560846560847
"154" 1 0.55036855036855 0.55036855036855
"155" 1 0.948905109489051 0.948905109489051
"156" 1 0.965260545905707 0.965260545905707
"157" 1 0.982456140350877 0.982456140350877
"158" 1 0.926952141057935 0.926952141057935
"159" 1 0.89556135770235 0.89556135770235
"160" 1 0.868556701030928 0.868556701030928
"161" 1 0.965174129353234 0.965174129353234
"162" 1 0.950904392764858 0.950904392764858
"163" 0.7 0.987373737373737 0.689393939393939
"164" 1 0.873684210526316 0.873684210526316
"165" 1 0.912718204488778 0.912718204488778
"166" 1 1 1
"167" 1 0.812652068126521 0.812652068126521
"168" 1 0.936386768447837 0.936386768447837
"169" 1 0.962686567164179 0.962686567164179
"170" 0.924 0.89544235924933 0.81769436997319
"171" 1 0.989821882951654 0.989821882951654
"172" 1 0.953086419753086 0.953086419753086
"173" 1 0.883211678832117 0.883211678832117
"174" 1 0.97841726618705 0.97841726618705
"175" 1 0.850961538461538 0.850961538461538
"176" 1 0.93734335839599 0.93734335839599
"177" 0.758 0.939698492462312 0.703517587939699
"178" 1 0.945679012345679 0.945679012345679
"179" 1 0.845208845208845 0.845208845208845
"180" 0.882 0.957070707070707 0.843434343434343
"181" 1 0.959390862944162 0.959390862944162
"182" 1 0.934177215189873 0.934177215189873
"183" 1 0.926121372031662 0.926121372031662
"184" 1 0.872860635696821 0.872860635696821
"185" 1 0.918781725888325 0.918781725888325
"186" 1 0.971867007672634 0.971867007672634
"187" 1 0.901041666666667 0.901041666666667
"188" 1 0.866498740554156 0.866498740554156
"189" 1 0.87719298245614 0.87719298245614
"190" 1 0.947368421052632 0.947368421052632
"191" 1 0.900485436893204 0.900485436893204
"192" 1 0.902313624678663 0.902313624678663
"193" NA NA NA
"194" 0.814 0.934306569343066 0.744525547445255
"195" 1 0.985365853658537 0.985365853658537
"196" 1 0.99748743718593 0.99748743718593
"197" 1 0.937965260545906 0.937965260545906
"198" 1 0.989873417721519 0.989873417721519
"199" 1 0.924812030075188 0.924812030075188
"200" 1 0.992682926829268 0.992682926829268
"201" 1 0.951871657754011 0.951871657754011
"202" 1 0.84578313253012 0.84578313253012
"203" 1 0.94 0.94
"204" 1 0.995180722891566 0.995180722891566
"205" 0.816 0.98469387755102 0.790816326530612
"206" 1 0.942211055276382 0.942211055276382
"207" 1 1 1
"208" 0.786 0.543814432989691 0.448453608247423
"209" 1 0.979539641943734 0.979539641943734
"210" 1 0.984732824427481 0.984732824427481
"211" 1 0.913366336633663 0.913366336633663
"212" 1 0.848130841121495 0.848130841121495
"213" 1 0.987593052109181 0.987593052109181
"214" 0.8 0.963325183374083 0.762836185819071
"215" 1 0.907928388746803 0.907928388746803
"216" 1 0.987080103359173 0.987080103359173
"217" 1 0.90547263681592 0.90547263681592
"218" 1 0.980049875311721 0.980049875311721
"219" 1 0.970223325062035 0.970223325062035
"220" 1 0.876574307304786 0.876574307304786
"221" 1 0.965968586387435 0.965968586387435
"222" 1 0.939613526570048 0.939613526570048
"223" 0.84 0.926108374384236 0.768472906403941
"224" 1 0.967254408060453 0.967254408060453
"225" 1 0.967581047381546 0.967581047381546
"226" 1 1 1
"227" 1 0.99746835443038 0.99746835443038
"228" 0.996 0.983213429256595 0.97841726618705
"229" 0.954 0.938775510204082 0.897959183673469
"230" 1 0.927860696517413 0.927860696517413
"231" 0.968 0.965 0.9475
"232" 1 0.992424242424242 0.992424242424242
"233" 1 0.922330097087379 0.922330097087379
"234" 1 0.808184143222506 0.808184143222506
"235" 1 0.81701030927835 0.81701030927835
"236" 1 0.928921568627451 0.928921568627451
"237" 1 0.964194373401535 0.964194373401535
"238" 1 0.958549222797927 0.958549222797927
"239" 1 0.947103274559194 0.947103274559194
"240" 1 0.974747474747475 0.974747474747475
"241" 1 0.927884615384615 0.927884615384615
"242" 1 0.938725490196078 0.938725490196078
"243" 1 0.951282051282051 0.951282051282051
"244" 1 0.942355889724311 0.942355889724311
"245" 1 0.937027707808564 0.937027707808564
"246" 1 0.967171717171717 0.967171717171717
"247" 1 1 1
"248" 1 0.925925925925926 0.925925925925926
"249" 1 0.950372208436725 0.950372208436725
"250" 1 0.708010335917313 0.708010335917313
"251" 1 0.76 0.76
"252" 1 0.984575835475578 0.984575835475578
"253" 1 0.977777777777778 0.977777777777778
"254" 1 1 1
"255" 1 0.904878048780488 0.904878048780488
"256" 1 0.868292682926829 0.868292682926829
"257" 1 0.538647342995169 0.538647342995169
"258" 0.91 0.921119592875318 0.847328244274809
"259" 1 0.985221674876847 0.985221674876847
"260" 1 0.886543535620053 0.886543535620053
"261" 1 0.79126213592233 0.79126213592233
"262" 0.968 0.99234693877551 0.964285714285714
"263" 1 0.992537313432836 0.992537313432836
"264" 1 0.974293059125964 0.974293059125964
"265" 1 0.975308641975309 0.975308641975309
"266" 1 0.915601023017903 0.915601023017903
"267" 1 0.977886977886978 0.977886977886978
"268" 1 1 1
"269" 1 0.968369829683698 0.968369829683698
"270" 1 0.927680798004987 0.927680798004987
"271" 1 0.920398009950249 0.920398009950249
"272" 1 0.933497536945813 0.933497536945813
"273" 1 0.978835978835979 0.978835978835979
"274" 1 0.907730673316708 0.907730673316708
"275" 0.766 0.837150127226463 0.646310432569975
"276" 1 0.962779156327543 0.962779156327543
"277" 1 0.982412060301508 0.982412060301508
"278" 1 0.982543640897756 0.982543640897756
"279" 1 0.922110552763819 0.922110552763819
"280" 1 0.949874686716792 0.949874686716792
"281" 1 0.923267326732673 0.923267326732673
"282" 1 0.8675 0.8675
"283" 1 0.99746192893401 0.99746192893401
"284" 1 0.791767554479419 0.791767554479419
"285" 1 0.941176470588235 0.941176470588235
"286" 1 0.994962216624685 0.994962216624685
"287" 1 0.859903381642512 0.859903381642512
"288" 1 0.985074626865672 0.985074626865672
"289" 1 0.92964824120603 0.92964824120603
"290" 1 0.762148337595908 0.762148337595908
"291" 1 0.903940886699507 0.903940886699507
"292" 1 0.934343434343434 0.934343434343434
"293" 1 0.881188118811881 0.881188118811881
"294" 1 0.944444444444444 0.944444444444444
"295" 1 0.975669099756691 0.975669099756691
"296" 1 0.983009708737864 0.983009708737864
"297" 1 0.980049875311721 0.980049875311721
"298" 1 0.961070559610706 0.961070559610706
"299" 1 0.933842239185751 0.933842239185751
"300" 1 0.977667493796526 0.977667493796526
"301" 1 0.892601431980907 0.892601431980907
"302" 1 0.865822784810127 0.865822784810127
"303" 1 0.969924812030075 0.969924812030075
"304" 0.956 0.973753280839895 0.934383202099738
"305" 1 0.968215158924205 0.968215158924205
"306" 1 0.988066825775656 0.988066825775656
"307" 1 0.968911917098446 0.968911917098446
"308" 1 0.982673267326733 0.982673267326733
"309" 1 0.969773299748111 0.969773299748111
"310" 1 0.961538461538462 0.961538461538462
"311" 1 0.967171717171717 0.967171717171717
"312" 0.912 0.748768472906404 0.689655172413793
"313" 1 0.86340206185567 0.86340206185567
"314" 1 0.977157360406091 0.977157360406091
"315" 0.982 0.997422680412371 0.979381443298969
"316" 1 0.974358974358974 0.974358974358974
"317" 1 0.982800982800983 0.982800982800983
"318" 1 0.879093198992443 0.879093198992443
"319" 1 0.861460957178841 0.861460957178841
"320" 1 0.893048128342246 0.893048128342246
"321" 1 0.898989898989899 0.898989898989899
"322" 0.946 0.915458937198068 0.859903381642512
"323" 1 0.860406091370558 0.860406091370558
"324" 1 0.87710843373494 0.87710843373494
"325" 0.754 0.994987468671679 0.769423558897243
"326" 1 0.952755905511811 0.952755905511811
"327" 1 1 1
"328" 1 0.938271604938272 0.938271604938272
"329" 1 0.985185185185185 0.985185185185185
"330" 1 0.98547215496368 0.98547215496368
"331" 1 0.982005141388175 0.982005141388175
"332" 1 0.957178841309824 0.957178841309824
"333" 1 0.951338199513382 0.951338199513382
"334" 1 0.985074626865672 0.985074626865672
"335" 1 0.834625322997416 0.834625322997416
"336" 1 0.841309823677582 0.841309823677582
"337" 1 0.920792079207921 0.920792079207921
"338" 1 0.936224489795918 0.936224489795918
"339" 1 0.984615384615385 0.984615384615385
"340" 1 0.945273631840796 0.945273631840796
"341" 0.95 0.992307692307692 0.938461538461538
"342" 1 0.898172323759791 0.898172323759791
"343" 1 0.987437185929648 0.987437185929648
"344" 1 0.964285714285714 0.964285714285714
"345" 1 0.960880195599022 0.960880195599022
"346" 1 0.994871794871795 0.994871794871795
"347" 1 0.872122762148338 0.872122762148338
"348" 1 0.989769820971867 0.989769820971867
"349" 0.96 0.868894601542416 0.83547557840617
"350" 0.892 0.854320987654321 0.758024691358025
"351" 1 0.945544554455445 0.945544554455445
"352" 1 0.98034398034398 0.98034398034398
"353" 1 0.962311557788945 0.962311557788945
"354" 1 0.9675 0.9675
"355" 1 0.944723618090452 0.944723618090452
"356" 1 0.969924812030075 0.969924812030075
"357" 1 0.821705426356589 0.821705426356589
"358" 1 0.984848484848485 0.984848484848485
"359" 1 0.941772151898734 0.941772151898734
"360" 1 0.950617283950617 0.950617283950617
"361" 1 0.983372921615202 0.983372921615202
"362" 1 0.790123456790123 0.790123456790123
"363" 1 0.901719901719902 0.901719901719902
"364" 1 0.804938271604938 0.804938271604938
"365" 1 0.968446601941748 0.968446601941748
"366" 0.784 0.952020202020202 0.72979797979798
"367" 1 0.990147783251232 0.990147783251232
"368" 1 0.99238578680203 0.99238578680203
"369" 1 0.861809045226131 0.861809045226131
"370" 0.876 0.982051282051282 0.858974358974359
"371" 1 0.990267639902676 0.990267639902676
"372" 1 0.817721518987342 0.817721518987342
"373" 1 0.980535279805353 0.980535279805353
"374" 1 0.997560975609756 0.997560975609756
"375" 1 0.967581047381546 0.967581047381546
"376" 0.756 0.966751918158568 0.728900255754476
"377" 0.824 0.873096446700508 0.708121827411167
"378" 0.702 0.939024390243902 0.658536585365854
"379" 1 0.798969072164949 0.798969072164949
"380" 1 0.952261306532663 0.952261306532663
"381" 0.926 0.934210526315789 0.863157894736842
"382" 1 0.971502590673575 0.971502590673575
"383" 1 0.972772277227723 0.972772277227723
"384" 0.914 0.945409429280397 0.86848635235732
"385" 1 0.913151364764268 0.913151364764268
"386" 1 0.55050505050505 0.55050505050505
"387" 1 0.956962025316456 0.956962025316456
"388" 0.902 0.932367149758454 0.852657004830918
"389" 1 0.857142857142857 0.857142857142857
"390" 1 0.92964824120603 0.92964824120603
"391" 1 0.860050890585242 0.860050890585242
"392" 1 0.941747572815534 0.941747572815534
"393" 1 0.946153846153846 0.946153846153846
"394" 1 0.942857142857143 0.942857142857143
"395" 0.842 0.936061381074169 0.772378516624041
"396" 1 0.972292191435768 0.972292191435768
"397" 1 0.942028985507246 0.942028985507246
"398" 1 0.877284595300261 0.877284595300261
"399" 0.842 0.922110552763819 0.78643216080402
"400" 1 0.94320987654321 0.94320987654321
"401" 1 0.984924623115578 0.984924623115578
"402" 1 0.985185185185185 0.985185185185185
"403" 1 0.902439024390244 0.902439024390244
"404" 1 0.958333333333333 0.958333333333333
"405" 1 0.982800982800983 0.982800982800983
"406" 1 0.917098445595855 0.917098445595855
"407" 1 0.903553299492386 0.903553299492386
"408" 1 0.881012658227848 0.881012658227848
"409" 1 0.96029776674938 0.96029776674938
"410" 1 0.953846153846154 0.953846153846154
"411" 1 0.985 0.985
"412" 1 0.975490196078431 0.975490196078431
"413" 1 0.965 0.965
"414" 1 0.967661691542289 0.967661691542289
"415" 1 1 1
"416" 1 0.977667493796526 0.977667493796526
"417" 0.926 0.987468671679198 0.917293233082707
"418" 1 0.975961538461538 0.975961538461538
"419" 1 0.921875 0.921875
"420" 1 0.873096446700508 0.873096446700508
"421" 1 0.970149253731343 0.970149253731343
"422" 0.854 0.919621749408983 0.789598108747045
"423" 1 0.894348894348894 0.894348894348894
"424" 1 0.955613577023499 0.955613577023499
"425" 1 0.966666666666667 0.966666666666667
"426" 1 0.992537313432836 0.992537313432836
"427" 1 0.965432098765432 0.965432098765432
"428" 1 0.918114143920596 0.918114143920596
"429" 1 0.967254408060453 0.967254408060453
"430" 1 0.895408163265306 0.895408163265306
"431" 1 0.959798994974874 0.959798994974874
"432" 1 0.943349753694581 0.943349753694581
"433" 1 1 1
"434" 1 0.899244332493703 0.899244332493703
"435" 1 0.96640826873385 0.96640826873385
"436" 1 0.9321608040201 0.9321608040201
"437" 1 0.979695431472081 0.979695431472081
"438" 1 0.859007832898172 0.859007832898172
"439" 1 0.9175 0.9175
"440" 1 0.994818652849741 0.994818652849741
"441" 1 0.913366336633663 0.913366336633663
"442" 1 0.908163265306122 0.908163265306122
"443" 1 0.924623115577889 0.924623115577889
"444" 1 0.8743961352657 0.8743961352657
"445" 1 0.880597014925373 0.880597014925373
"446" 1 0.865979381443299 0.865979381443299
"447" 0.608 0.939698492462312 0.577889447236181
"448" 0.908 0.984848484848485 0.893939393939394
"449" 1 0.898305084745763 0.898305084745763
"450" 1 0.968824940047962 0.968824940047962
"451" 1 0.914634146341463 0.914634146341463
"452" 1 0.769230769230769 0.769230769230769
"453" 1 0.978155339805825 0.978155339805825
"454" 1 0.987277353689567 0.987277353689567
"455" 1 0.977040816326531 0.977040816326531
"456" 1 0.989974937343358 0.989974937343358
"457" 1 0.989847715736041 0.989847715736041
"458" 1 0.992405063291139 0.992405063291139
"459" 0.846 0.823095823095823 0.692874692874693
"460" 1 0.921375921375921 0.921375921375921
"461" 1 0.88051948051948 0.88051948051948
"462" 1 0.886363636363636 0.886363636363636
"463" 1 0.909975669099757 0.909975669099757
"464" 1 0.977777777777778 0.977777777777778
"465" 1 0.963917525773196 0.963917525773196
"466" 1 0.90979381443299 0.90979381443299
"467" 1 0.967980295566502 0.967980295566502
"468" 0.906 0.941888619854721 0.857142857142857
"469" 1 0.97799511002445 0.97799511002445
"470" 0.916 0.995073891625616 0.9064039408867
"471" 0.898 0.979487179487179 0.879487179487179
"472" 1 0.960591133004926 0.960591133004926
"473" 1 0.857843137254902 0.857843137254902
"474" 1 0.99 0.99
"475" 1 0.982367758186398 0.982367758186398
"476" 1 0.759305210918114 0.759305210918114
"477" 1 0.892307692307692 0.892307692307692
"478" 1 0.945409429280397 0.945409429280397
"479" 1 0.926395939086294 0.926395939086294
"480" 1 0.784313725490196 0.784313725490196
"481" 1 0.987437185929648 0.987437185929648
"482" 1 0.985294117647059 0.985294117647059
"483" 1 0.905707196029777 0.905707196029777
"484" 0.976 0.98019801980198 0.957920792079208
"485" 1 0.997555012224939 0.997555012224939
"486" 1 0.987113402061856 0.987113402061856
"487" 1 0.937810945273632 0.937810945273632
"488" 1 0.979695431472081 0.979695431472081
"489" 1 0.997530864197531 0.997530864197531
"490" 1 0.966666666666667 0.966666666666667
"491" 1 0.932203389830508 0.932203389830508
"492" 1 0.953316953316953 0.953316953316953
"493" 1 0.8825 0.8825
"494" 1 0.857142857142857 0.857142857142857
"495" 1 0.961139896373057 0.961139896373057
"496" 1 0.971938775510204 0.971938775510204
"497" 1 0.804568527918782 0.804568527918782
"498" 1 1 1
"499" 1 0.947368421052632 0.947368421052632
"500" 1 0.97979797979798 0.97979797979798
"501" 1 0.898263027295285 0.898263027295285
"502" 0.754 0.9 0.684615384615385
"503" 1 0.962962962962963 0.962962962962963
"504" 1 0.959287531806616 0.959287531806616
"505" 1 0.83502538071066 0.83502538071066
"506" 1 0.979487179487179 0.979487179487179
"507" 1 0.9119804400978 0.9119804400978
"508" 1 0.997455470737914 0.997455470737914
"509" 1 0.987654320987654 0.987654320987654
"510" 1 0.815724815724816 0.815724815724816
"511" 0.876 0.881443298969072 0.77319587628866
"512" 1 0.901719901719902 0.901719901719902
"513" 1 0.87468671679198 0.87468671679198
"514" 1 0.980099502487562 0.980099502487562
"515" 1 0.904761904761905 0.904761904761905
"516" 1 0.969387755102041 0.969387755102041
"517" 1 0.961832061068702 0.961832061068702
"518" 1 0.963636363636364 0.963636363636364
"519" 1 0.982758620689655 0.982758620689655
"520" 1 0.903061224489796 0.903061224489796
"521" 1 0.766839378238342 0.766839378238342
"522" 0.972 0.995157384987893 0.973365617433414
"523" 1 0.83252427184466 0.83252427184466
"524" 1 0.958868894601542 0.958868894601542
"525" 1 0.929113924050633 0.929113924050633
"526" 1 0.835078534031414 0.835078534031414
"527" 1 0.944174757281553 0.944174757281553
"528" 1 0.994778067885117 0.994778067885117
"529" 1 0.974811083123426 0.974811083123426
"530" 1 0.9275 0.9275
"531" 1 0.984732824427481 0.984732824427481
"532" 1 0.987244897959184 0.987244897959184
"533" 1 0.948320413436692 0.948320413436692
"534" 1 0.841309823677582 0.841309823677582
"535" 1 0.967581047381546 0.967581047381546
"536" 1 0.972081218274112 0.972081218274112
"537" 1 0.551122194513716 0.551122194513716
"538" 0.88 1 0.878345498783455
"539" 1 0.961439588688946 0.961439588688946
"540" 0.958 0.955334987593052 0.910669975186104
"541" 1 0.892230576441103 0.892230576441103
"542" 1 0.917737789203085 0.917737789203085
"543" 1 0.928746928746929 0.928746928746929
"544" 1 0.969387755102041 0.969387755102041
"545" 1 0.965 0.965
"546" 1 0.914507772020725 0.914507772020725
"547" 1 0.85012285012285 0.85012285012285
"548" 1 0.965853658536585 0.965853658536585
"549" 1 0.823979591836735 0.823979591836735
"550" 1 0.982278481012658 0.982278481012658
"551" 1 0.972772277227723 0.972772277227723
"552" 0.986 0.94147582697201 0.928753180661578
"553" 1 0.989873417721519 0.989873417721519
"554" 0.806 0.937810945273632 0.77363184079602
"555" 1 0.95249406175772 0.95249406175772
"556" 1 0.816537467700258 0.816537467700258
"557" 1 0.904411764705882 0.904411764705882
"558" 1 0.931297709923664 0.931297709923664
"559" 1 0.939086294416244 0.939086294416244
"560" 1 0.905128205128205 0.905128205128205
"561" 1 0.944736842105263 0.944736842105263
"562" 1 0.941176470588235 0.941176470588235
"563" 1 0.921319796954315 0.921319796954315
"564" 1 0.997536945812808 0.997536945812808
"565" 1 0.905940594059406 0.905940594059406
"566" 1 0.95959595959596 0.95959595959596
"567" 1 1 1
"568" 1 0.967254408060453 0.967254408060453
"569" 1 0.990384615384615 0.990384615384615
"570" 1 0.997506234413965 0.997506234413965
"571" 1 0.984575835475578 0.984575835475578
"572" 1 0.960493827160494 0.960493827160494
"573" 1 0.906862745098039 0.906862745098039
"574" 1 0.889447236180904 0.889447236180904
"575" 1 0.959232613908873 0.959232613908873
"576" 1 0.980049875311721 0.980049875311721
"577" 1 0.968137254901961 0.968137254901961
"578" 1 0.997416020671835 0.997416020671835
"579" 1 0.916256157635468 0.916256157635468
"580" 1 0.977886977886978 0.977886977886978
"581" 1 0.844444444444444 0.844444444444444
"582" 1 0.955334987593052 0.955334987593052
"583" 1 0.883374689826303 0.883374689826303
"584" 1 0.813559322033898 0.813559322033898
"585" 1 0.787804878048781 0.787804878048781
"586" 1 0.908415841584158 0.908415841584158
"587" 1 0.985401459854015 0.985401459854015
"588" 1 0.935567010309278 0.935567010309278
"589" 1 0.84578313253012 0.84578313253012
"590" 1 0.974554707379135 0.974554707379135
"591" 1 0.940446650124069 0.940446650124069
"592" 0.91 0.98974358974359 0.902564102564103
"593" 1 0.997560975609756 0.997560975609756
"594" 1 0.98974358974359 0.98974358974359
"595" 1 0.97680412371134 0.97680412371134
"596" 1 0.889705882352941 0.889705882352941
"597" 1 0.901015228426396 0.901015228426396
"598" 0.936 0.914572864321608 0.861809045226131
"599" 1 0.997530864197531 0.997530864197531
"600" 1 0.744360902255639 0.744360902255639
"601" 0.96 0.971502590673575 0.932642487046632
"602" 1 0.931645569620253 0.931645569620253
"603" 1 0.949519230769231 0.949519230769231
"604" 1 0.937349397590361 0.937349397590361
"605" 1 0.885204081632653 0.885204081632653
"606" 1 0.928395061728395 0.928395061728395
"607" 1 0.923076923076923 0.923076923076923
"608" 1 0.960591133004926 0.960591133004926
"609" 1 0.9675 0.9675
"610" 1 0.909090909090909 0.909090909090909
"611" 1 0.99236641221374 0.99236641221374
"612" 1 0.967088607594937 0.967088607594937
"613" 1 0.947761194029851 0.947761194029851
"614" 1 0.930174563591022 0.930174563591022
"615" 1 0.86783042394015 0.86783042394015
"616" 1 0.962686567164179 0.962686567164179
"617" 1 0.992518703241895 0.992518703241895
"618" 1 0.997474747474748 0.997474747474748
"619" 0.794 0.858974358974359 0.682051282051282
"620" 1 0.982412060301508 0.982412060301508
"621" 1 0.990361445783133 0.990361445783133
"622" 0.916 0.882793017456359 0.817955112219451
"623" 1 0.91866028708134 0.91866028708134
"624" 1 0.955882352941177 0.955882352941177
"625" 1 0.862244897959184 0.862244897959184
"626" 1 0.867532467532467 0.867532467532467
"627" 1 0.902010050251256 0.902010050251256
"628" 1 1 1
"629" 0.964 0.995157384987893 0.953995157384988
"630" 0.814 0.947103274559194 0.788413098236776
"631" 1 0.916461916461916 0.916461916461916
"632" 0.992 0.992063492063492 0.984126984126984
"633" 1 0.902439024390244 0.902439024390244
"634" 1 0.975 0.975
"635" 1 0.992443324937028 0.992443324937028
"636" 1 0.948275862068966 0.948275862068966
"637" 1 0.891891891891892 0.891891891891892
"638" 1 0.83969465648855 0.83969465648855
"639" 1 0.89769820971867 0.89769820971867
"640" 1 0.948529411764706 0.948529411764706
"641" 1 0.930864197530864 0.930864197530864
"642" 1 0.939546599496222 0.939546599496222
"643" 1 0.968058968058968 0.968058968058968
"644" 1 0.880710659898477 0.880710659898477
"645" 1 0.967901234567901 0.967901234567901
"646" 1 0.989795918367347 0.989795918367347
"647" 1 0.955497382198953 0.955497382198953
"648" 1 0.900990099009901 0.900990099009901
"649" 1 0.97037037037037 0.97037037037037
"650" 0.802 1 0.797953964194373
"651" 1 0.984375 0.984375
"652" 1 0.935 0.935
"653" 1 0.956185567010309 0.956185567010309
"654" 1 0.955334987593052 0.955334987593052
"655" 1 0.893564356435644 0.893564356435644
"656" 1 0.885714285714286 0.885714285714286
"657" 1 0.975062344139651 0.975062344139651
"658" 1 0.997455470737914 0.997455470737914
"659" 1 0.936061381074169 0.936061381074169
"660" 1 0.88 0.88
"661" 1 0.964467005076142 0.964467005076142
"662" 1 0.871287128712871 0.871287128712871
"663" 1 1 1
"664" 1 0.963235294117647 0.963235294117647
"665" 1 0.967980295566502 0.967980295566502
"666" 1 0.932692307692308 0.932692307692308
"667" 1 0.831632653061224 0.831632653061224
"668" 1 0.995073891625616 0.995073891625616
"669" 1 0.992788461538462 0.992788461538462
"670" 1 0.977215189873418 0.977215189873418
"671" 0.896 0.990147783251232 0.876847290640394
"672" 1 0.980246913580247 0.980246913580247
"673" 1 0.982716049382716 0.982716049382716
"674" 1 0.976744186046512 0.976744186046512
"675" 1 0.941919191919192 0.941919191919192
"676" 1 0.926395939086294 0.926395939086294
"677" 0.94 0.970149253731343 0.915422885572139
"678" 1 0.975247524752475 0.975247524752475
"679" 1 0.979899497487437 0.979899497487437
"680" 1 0.940874035989717 0.940874035989717
"681" 1 0.780548628428928 0.780548628428928
"682" 1 0.898218829516539 0.898218829516539
"683" 1 0.897058823529412 0.897058823529412
"684" 1 0.94949494949495 0.94949494949495
"685" 1 0.977443609022556 0.977443609022556
"686" 1 0.95959595959596 0.95959595959596
"687" 1 0.726130653266332 0.726130653266332
"688" 1 0.865284974093264 0.865284974093264
"689" 1 0.994652406417112 0.994652406417112
"690" 1 0.785185185185185 0.785185185185185
"691" 1 0.875634517766497 0.875634517766497
"692" 1 0.933002481389578 0.933002481389578
"693" 1 0.933161953727506 0.933161953727506
"694" 1 0.987684729064039 0.987684729064039
"695" 1 0.923456790123457 0.923456790123457
"696" 1 1 1
"697" 1 0.987531172069825 0.987531172069825
"698" 1 0.907692307692308 0.907692307692308
"699" 1 0.948849104859335 0.948849104859335
"700" 0.968 0.920716112531969 0.884910485933504
"701" 1 0.957920792079208 0.957920792079208
"702" 1 0.897755610972569 0.897755610972569
"703" 1 0.906172839506173 0.906172839506173
"704" 1 0.834158415841584 0.834158415841584
"705" 1 0.892156862745098 0.892156862745098
"706" 1 0.903061224489796 0.903061224489796
"707" 0.834 0.881067961165049 0.720873786407767
"708" 1 0.902061855670103 0.902061855670103
"709" 1 0.950738916256158 0.950738916256158
"710" 1 0.825980392156863 0.825980392156863
"711" 1 0.992682926829268 0.992682926829268
"712" 1 0.958115183246073 0.958115183246073
"713" 0.92 0.941919191919192 0.858585858585859
"714" 1 1 1
"715" 0.868 0.842239185750636 0.720101781170484
"716" 1 0.949874686716792 0.949874686716792
"717" 1 0.977272727272727 0.977272727272727
"718" 1 0.864197530864197 0.864197530864197
"719" 0.95 0.987309644670051 0.941624365482233
"720" 1 0.863636363636364 0.863636363636364
"721" 1 0.95873786407767 0.95873786407767
"722" 1 0.979899497487437 0.979899497487437
"723" 1 0.94949494949495 0.94949494949495
"724" 0.884 0.987146529562982 0.876606683804627
"725" 1 0.8325 0.8325
"726" 1 0.749367088607595 0.749367088607595
"727" 0.834 1 0.825665859564165
"728" 0.946 0.864795918367347 0.831632653061224
"729" 1 0.971496437054632 0.971496437054632
"730" 1 0.964194373401535 0.964194373401535
"731" 1 0.982543640897756 0.982543640897756
"732" 1 0.966321243523316 0.966321243523316
"733" 1 0.967336683417085 0.967336683417085
"734" 0.836 0.987834549878346 0.832116788321168
"735" 1 0.697127937336815 0.697127937336815
"736" 0.768 0.969072164948454 0.752577319587629
"737" 1 0.987562189054726 0.987562189054726
"738" 1 0.957286432160804 0.957286432160804
"739" 1 0.928217821782178 0.928217821782178
"740" 1 0.81201044386423 0.81201044386423
"741" 1 1 1
"742" 1 0.975308641975309 0.975308641975309
"743" 1 0.958435207823961 0.958435207823961
"744" 1 0.982758620689655 0.982758620689655
"745" 1 0.975124378109453 0.975124378109453
"746" 1 0.982278481012658 0.982278481012658
"747" 1 0.886977886977887 0.886977886977887
"748" 1 0.979539641943734 0.979539641943734
"749" 1 0.886138613861386 0.886138613861386
"750" 0.856 0.926767676767677 0.79040404040404
"751" 1 0.972568578553616 0.972568578553616
"752" 1 0.902612826603325 0.902612826603325
"753" 1 0.892344497607656 0.892344497607656
"754" 1 0.915632754342432 0.915632754342432
"755" 1 0.955665024630542 0.955665024630542
"756" 1 0.842233009708738 0.842233009708738
"757" 0.888 0.903940886699507 0.793103448275862
"758" 0.914 0.888888888888889 0.815656565656566
"759" 1 0.934343434343434 0.934343434343434
"760" 1 0.911111111111111 0.911111111111111
"761" 1 0.846347607052897 0.846347607052897
"762" 1 0.990267639902676 0.990267639902676
"763" 1 0.959183673469388 0.959183673469388
"764" 1 0.916243654822335 0.916243654822335
"765" 0.846 0.944038929440389 0.805352798053528
"766" 1 0.971794871794872 0.971794871794872
"767" 1 0.948453608247423 0.948453608247423
"768" 1 0.961165048543689 0.961165048543689
"769" 1 0.974747474747475 0.974747474747475
"770" 1 0.980392156862745 0.980392156862745
"771" 0.87 0.989949748743719 0.85678391959799
"772" 0.918 0.980582524271845 0.895631067961165
"773" 0.79 0.926829268292683 0.731707317073171
"774" 1 0.992682926829268 0.992682926829268
"775" 1 0.930946291560102 0.930946291560102
"776" 0.91 0.990123456790123 0.901234567901235
"777" 1 0.932668329177057 0.932668329177057
"778" 1 0.925925925925926 0.925925925925926
"779" 1 0.938618925831202 0.938618925831202
"780" 1 0.973365617433414 0.973365617433414
"781" 1 0.940446650124069 0.940446650124069
"782" 1 0.992592592592593 0.992592592592593
"783" 1 0.960099750623441 0.960099750623441
"784" 0.984 0.947761194029851 0.930348258706468
"785" 0.93 0.914572864321608 0.849246231155779
"786" 1 0.910891089108911 0.910891089108911
"787" 1 0.878712871287129 0.878712871287129
"788" 1 0.9175 0.9175
"789" 1 0.86848635235732 0.86848635235732
"790" 1 0.84 0.84
"791" 1 0.989847715736041 0.989847715736041
"792" 0.97 0.972636815920398 0.942786069651741
"793" 1 0.992682926829268 0.992682926829268
"794" 1 0.984455958549223 0.984455958549223
"795" 1 0.940446650124069 0.940446650124069
"796" 1 0.99501246882793 0.99501246882793
"797" 1 0.836317135549872 0.836317135549872
"798" 1 0.971204188481675 0.971204188481675
"799" 0.762 0.995271867612293 0.75886524822695
"800" 1 0.9675 0.9675
"801" 1 0.997474747474748 0.997474747474748
"802" 1 0.985037406483791 0.985037406483791
"803" 1 0.912371134020619 0.912371134020619
"804" 1 0.863753213367609 0.863753213367609
"805" 1 0.997530864197531 0.997530864197531
"806" 1 0.995061728395062 0.995061728395062
"807" 1 0.966183574879227 0.966183574879227
"808" 1 0.992084432717678 0.992084432717678
"809" 1 0.99273607748184 0.99273607748184
"810" 1 0.963414634146341 0.963414634146341
"811" 1 0.955665024630542 0.955665024630542
"812" 1 0.9475 0.9475
"813" 1 0.992518703241895 0.992518703241895
"814" 1 0.994910941475827 0.994910941475827
"815" 0.736 0.916870415647922 0.684596577017115
"816" 0.886 0.904884318766067 0.791773778920309
"817" 1 0.972636815920398 0.972636815920398
"818" 1 0.985111662531017 0.985111662531017
"819" 1 0.886699507389163 0.886699507389163
"820" 1 0.891959798994975 0.891959798994975
"821" 1 0.876262626262626 0.876262626262626
"822" 1 0.949880668257757 0.949880668257757
"823" NA NA NA
"824" 1 0.901719901719902 0.901719901719902
"825" 1 0.987951807228916 0.987951807228916
"826" 1 0.937823834196891 0.937823834196891
"827" 1 0.947368421052632 0.947368421052632
"828" 1 0.997474747474748 0.997474747474748
"829" 1 0.93984962406015 0.93984962406015
"830" 1 0.937965260545906 0.937965260545906
"831" 1 0.921985815602837 0.921985815602837
"832" 1 0.820253164556962 0.820253164556962
"833" 1 0.936061381074169 0.936061381074169
"834" 1 0.790931989924433 0.790931989924433
"835" 1 0.871794871794872 0.871794871794872
"836" 1 0.861728395061728 0.861728395061728
"837" 1 0.964824120603015 0.964824120603015
"838" 1 0.945736434108527 0.945736434108527
"839" 1 0.870813397129187 0.870813397129187
"840" 1 0.997524752475248 0.997524752475248
"841" 1 0.781326781326781 0.781326781326781
"842" 1 0.967005076142132 0.967005076142132
"843" 1 1 1
"844" 1 0.944584382871537 0.944584382871537
"845" 0.92 0.96144578313253 0.891566265060241
"846" 1 0.940874035989717 0.940874035989717
"847" 1 0.950859950859951 0.950859950859951
"848" 1 0.80253164556962 0.80253164556962
"849" 1 0.875 0.875
"850" 1 0.935135135135135 0.935135135135135
"851" 1 0.9025 0.9025
"852" 1 0.961259079903148 0.961259079903148
"853" 1 0.979591836734694 0.979591836734694
"854" 1 1 1
"855" 0.868 0.9625 0.8325
"856" 1 0.917705735660848 0.917705735660848
"857" 1 0.878712871287129 0.878712871287129
"858" 0.878 0.920199501246883 0.812967581047382
"859" 1 0.997536945812808 0.997536945812808
"860" 1 0.9618138424821 0.9618138424821
"861" 1 0.950738916256158 0.950738916256158
"862" 1 0.929292929292929 0.929292929292929
"863" 0.882 0.982843137254902 0.870098039215686
"864" 1 0.906801007556675 0.906801007556675
"865" 1 0.997512437810945 0.997512437810945
"866" 1 0.958230958230958 0.958230958230958
"867" 1 0.899497487437186 0.899497487437186
"868" 1 0.936548223350254 0.936548223350254
"869" 1 0.870646766169154 0.870646766169154
"870" 1 0.971204188481675 0.971204188481675
"871" 1 0.987341772151899 0.987341772151899
"872" 1 0.972636815920398 0.972636815920398
"873" 1 0.926952141057935 0.926952141057935
"874" 1 0.910891089108911 0.910891089108911
"875" 0.866 0.880487804878049 0.765853658536585
"876" 1 0.948905109489051 0.948905109489051
"877" 1 0.880829015544041 0.880829015544041
"878" 1 1 1
"879" 1 0.774936061381074 0.774936061381074
"880" 1 0.96078431372549 0.96078431372549
"881" 1 0.984962406015038 0.984962406015038
"882" 1 0.948905109489051 0.948905109489051
"883" 1 0.880487804878049 0.880487804878049
"884" 1 0.972636815920398 0.972636815920398
"885" 1 0.963060686015831 0.963060686015831
"886" 1 0.943765281173594 0.943765281173594
"887" 1 0.977777777777778 0.977777777777778
"888" 1 0.907990314769976 0.907990314769976
"889" 1 0.923832923832924 0.923832923832924
"890" 1 0.975369458128079 0.975369458128079
"891" 1 0.932835820895522 0.932835820895522
"892" 1 0.979591836734694 0.979591836734694
"893" 1 0.94320987654321 0.94320987654321
"894" 1 0.981958762886598 0.981958762886598
"895" 1 0.85678391959799 0.85678391959799
"896" 1 1 1
"897" 1 0.962593516209476 0.962593516209476
"898" 1 0.972568578553616 0.972568578553616
"899" 1 0.980246913580247 0.980246913580247
"900" 0.752 0.931203931203931 0.695331695331695
"901" 1 0.992287917737789 0.992287917737789
"902" 1 0.8 0.8
"903" 0.956 0.969620253164557 0.918987341772152
"904" 1 0.95771144278607 0.95771144278607
"905" 1 0.768292682926829 0.768292682926829
"906" 1 0.944303797468354 0.944303797468354
"907" 1 0.982926829268293 0.982926829268293
"908" 1 0.966836734693878 0.966836734693878
"909" 1 0.802597402597403 0.802597402597403
"910" 1 0.982587064676617 0.982587064676617
"911" 1 0.879396984924623 0.879396984924623
"912" 0.772 0.968369829683698 0.749391727493917
"913" 1 0.997560975609756 0.997560975609756
"914" 1 0.982278481012658 0.982278481012658
"915" 1 0.934673366834171 0.934673366834171
"916" 1 0.96039603960396 0.96039603960396
"917" 1 0.929440389294404 0.929440389294404
"918" 1 0.949152542372881 0.949152542372881
"919" 1 0.865139949109415 0.865139949109415
"920" 1 0.977157360406091 0.977157360406091
"921" 1 0.885786802030457 0.885786802030457
"922" 1 0.923444976076555 0.923444976076555
"923" 1 0.948979591836735 0.948979591836735
"924" 0.918 0.984848484848485 0.896464646464647
"925" 1 0.888607594936709 0.888607594936709
"926" 1 0.899749373433584 0.899749373433584
"927" 1 0.955223880597015 0.955223880597015
"928" 1 0.892030848329049 0.892030848329049
"929" 1 0.9375 0.9375
"930" 1 0.979328165374677 0.979328165374677
"931" 1 0.901015228426396 0.901015228426396
"932" 1 0.66 0.66
"933" 1 0.95959595959596 0.95959595959596
"934" 1 0.989637305699482 0.989637305699482
"935" 1 0.875621890547264 0.875621890547264
"936" 0.972 0.97029702970297 0.940594059405941
"937" 0.808 0.98014888337469 0.801488833746898
"938" 1 0.974811083123426 0.974811083123426
"939" 1 0.984810126582279 0.984810126582279
"940" 1 0.994708994708995 0.994708994708995
"941" 1 0.935483870967742 0.935483870967742
"942" 0.94 0.975369458128079 0.916256157635468
"943" 1 0.920792079207921 0.920792079207921
"944" 1 0.905128205128205 0.905128205128205
"945" 0.904 0.950777202072539 0.865284974093264
"946" 1 0.950124688279302 0.950124688279302
"947" 1 0.954659949622166 0.954659949622166
"948" 0.68 0.826633165829146 0.577889447236181
"949" 1 0.906091370558376 0.906091370558376
"950" 1 0.926767676767677 0.926767676767677
"951" 0.896 0.970149253731343 0.883084577114428
"952" 1 0.8975 0.8975
"953" 1 0.992682926829268 0.992682926829268
"954" 1 0.922885572139303 0.922885572139303
"955" 1 0.864795918367347 0.864795918367347
"956" 0.972 0.975 0.9475
"957" 1 0.977386934673367 0.977386934673367
"958" 1 0.995024875621891 0.995024875621891
"959" 1 0.946835443037975 0.946835443037975
"960" 1 0.928753180661578 0.928753180661578
"961" 1 0.824120603015075 0.824120603015075
"962" 1 0.96551724137931 0.96551724137931
"963" 1 0.948905109489051 0.948905109489051
"964" 1 0.953316953316953 0.953316953316953
"965" 1 0.837150127226463 0.837150127226463
"966" 1 0.86783042394015 0.86783042394015
"967" 1 0.876574307304786 0.876574307304786
"968" 1 0.974747474747475 0.974747474747475
"969" 1 0.992287917737789 0.992287917737789
"970" 1 0.928395061728395 0.928395061728395
"971" 1 0.964556962025316 0.964556962025316
"972" 1 1 1
"973" 1 0.824289405684755 0.824289405684755
"974" 1 0.982543640897756 0.982543640897756
"975" 1 0.937965260545906 0.937965260545906
"976" 1 0.98019801980198 0.98019801980198
"977" 1 0.9975 0.9975
"978" 1 0.938423645320197 0.938423645320197
"979" 1 0.942928039702233 0.942928039702233
"980" 1 0.969849246231156 0.969849246231156
"981" 1 0.974747474747475 0.974747474747475
"982" 1 0.992700729927007 0.992700729927007
"983" 1 0.982968369829684 0.982968369829684
"984" 1 0.88659793814433 0.88659793814433
"985" 1 0.954198473282443 0.954198473282443
"986" 0.85 0.96029776674938 0.813895781637717
"987" 0.928 0.924812030075188 0.859649122807018
"988" 1 0.907035175879397 0.907035175879397
"989" 1 0.890818858560794 0.890818858560794
"990" 1 0.982800982800983 0.982800982800983
"991" 1 0.944309927360775 0.944309927360775
"992" 1 0.954887218045113 0.954887218045113
"993" 0.802 0.887218045112782 0.714285714285714
"994" 1 0.896984924623116 0.896984924623116
"995" 1 0.977667493796526 0.977667493796526
"996" 1 0.734177215189873 0.734177215189873
"997" 1 0.920199501246883 0.920199501246883
"998" 1 0.943765281173594 0.943765281173594
"999" 1 0.892307692307692 0.892307692307692
"1000" 1 0.985037406483791 0.985037406483791
