"V1" "V2" "V3"
"1" 1 0.900497512437811 0.900497512437811
"2" 1 0.969924812030075 0.969924812030075
"3" 1 0.983709273182957 0.983709273182957
"4" 1 0.962168978562421 0.962168978562421
"5" 1 0.97244094488189 0.97244094488189
"6" 1 0.994743758212878 0.994743758212878
"7" 1 0.954601226993865 0.954601226993865
"8" 1 0.937578027465668 0.937578027465668
"9" 1 0.958490566037736 0.958490566037736
"10" 1 0.97875 0.97875
"11" NA NA NA
"12" 1 0.970112079701121 0.970112079701121
"13" 1 0.932075471698113 0.932075471698113
"14" 1 0.842911877394636 0.842911877394636
"15" 1 0.970660146699266 0.970660146699266
"16" 1 0.987654320987654 0.987654320987654
"17" 1 0.954712362301102 0.954712362301102
"18" 1 0.991473812423873 0.991473812423873
"19" 1 0.992471769134254 0.992471769134254
"20" 1 0.945979899497487 0.945979899497487
"21" 1 0.96039603960396 0.96039603960396
"22" 1 0.939698492462312 0.939698492462312
"23" 1 0.917189460476788 0.917189460476788
"24" 1 0.972704714640198 0.972704714640198
"25" 1 0.918341708542714 0.918341708542714
"26" 1 0.978616352201258 0.978616352201258
"27" 1 0.938364779874214 0.938364779874214
"28" 1 0.998751560549313 0.998751560549313
"29" 1 0.966911764705882 0.966911764705882
"30" 1 0.998727735368957 0.998727735368957
"31" 1 0.986352357320099 0.986352357320099
"32" 1 0.995127892813642 0.995127892813642
"33" 1 0.972292191435768 0.972292191435768
"34" 1 0.990111248454883 0.990111248454883
"35" 1 0.962593516209476 0.962593516209476
"36" 1 0.970588235294118 0.970588235294118
"37" 1 0.975369458128079 0.975369458128079
"38" 1 0.989156626506024 0.989156626506024
"39" 1 0.982074263764405 0.982074263764405
"40" 1 0.940581542351454 0.940581542351454
"41" 1 0.984981226533166 0.984981226533166
"42" 1 0.97636815920398 0.97636815920398
"43" 1 0.959748427672956 0.959748427672956
"44" 1 0.955752212389381 0.955752212389381
"45" 1 0.993757802746567 0.993757802746567
"46" 1 0.955974842767296 0.955974842767296
"47" 1 1 1
"48" NA NA NA
"49" 1 0.995031055900621 0.995031055900621
"50" 1 0.984981226533166 0.984981226533166
"51" 1 0.997474747474748 0.997474747474748
"52" 1 0.947696139476961 0.947696139476961
"53" 1 0.994962216624685 0.994962216624685
"54" 1 0.910600255427842 0.910600255427842
"55" 1 0.997458703939009 0.997458703939009
"56" 1 0.991293532338308 0.991293532338308
"57" 1 0.946716232961586 0.946716232961586
"58" 1 0.968193384223919 0.968193384223919
"59" 1 0.947969543147208 0.947969543147208
"60" 1 0.932349323493235 0.932349323493235
"61" 1 1 1
"62" 1 0.985401459854015 0.985401459854015
"63" 1 0.979513444302177 0.979513444302177
"64" 1 0.981640146878825 0.981640146878825
"65" 1 0.965562913907285 0.965562913907285
"66" 1 0.943109987357775 0.943109987357775
"67" 1 0.973282442748092 0.973282442748092
"68" 1 0.989024390243902 0.989024390243902
"69" 1 0.941759603469641 0.941759603469641
"70" 1 0.99625 0.99625
"71" 1 0.914431673052363 0.914431673052363
"72" 1 0.962073324905183 0.962073324905183
"73" 1 0.955112219451372 0.955112219451372
"74" 1 0.970443349753695 0.970443349753695
"75" 1 0.978696741854637 0.978696741854637
"76" 1 0.996231155778894 0.996231155778894
"77" 1 0.968513853904282 0.968513853904282
"78" 1 0.958955223880597 0.958955223880597
"79" 1 0.996138996138996 0.996138996138996
"80" 1 0.990062111801242 0.990062111801242
"81" 1 0.986111111111111 0.986111111111111
"82" 1 0.966789667896679 0.966789667896679
"83" 1 0.982478097622028 0.982478097622028
"84" 1 0.974779319041614 0.974779319041614
"85" 1 0.970812182741117 0.970812182741117
"86" 1 0.930061349693251 0.930061349693251
"87" 1 0.948492462311558 0.948492462311558
"88" 1 0.958955223880597 0.958955223880597
"89" 1 0.97279792746114 0.97279792746114
"90" 1 0.986215538847118 0.986215538847118
"91" 1 0.961439588688946 0.961439588688946
"92" 1 0.954896907216495 0.954896907216495
"93" 1 0.944444444444444 0.944444444444444
"94" 1 0.915544675642595 0.915544675642595
"95" 1 0.818527918781726 0.818527918781726
"96" 1 0.89030612244898 0.89030612244898
"97" 1 0.973913043478261 0.973913043478261
"98" 1 0.984223300970874 0.984223300970874
"99" 1 0.994974874371859 0.994974874371859
"100" 1 0.923456790123457 0.923456790123457
"101" 1 0.966417910447761 0.966417910447761
"102" 1 0.919395465994962 0.919395465994962
"103" 1 0.884039900249377 0.884039900249377
"104" 1 0.95527950310559 0.95527950310559
"105" 1 0.950372208436725 0.950372208436725
"106" 1 1 1
"107" 1 1 1
"108" 1 0.95125 0.95125
"109" 1 0.962732919254658 0.962732919254658
"110" 1 0.946564885496183 0.946564885496183
"111" 1 0.96875 0.96875
"112" 1 0.974874371859296 0.974874371859296
"113" 1 0.936010037641154 0.936010037641154
"114" 1 0.967741935483871 0.967741935483871
"115" 1 0.985130111524164 0.985130111524164
"116" 1 0.838471023427867 0.838471023427867
"117" 1 0.958227848101266 0.958227848101266
"118" 1 0.977886977886978 0.977886977886978
"119" 1 0.987760097919217 0.987760097919217
"120" 1 0.958282208588957 0.958282208588957
"121" 1 0.972704714640198 0.972704714640198
"122" 1 1 1
"123" 1 0.987623762376238 0.987623762376238
"124" 1 0.971569839307787 0.971569839307787
"125" 1 0.938303341902314 0.938303341902314
"126" 1 0.949257425742574 0.949257425742574
"127" 1 0.99375 0.99375
"128" 0.895 0.958333333333333 0.849747474747475
"129" 1 0.983460559796438 0.983460559796438
"130" 1 0.881334981458591 0.881334981458591
"131" 1 0.761490683229814 0.761490683229814
"132" 1 0.97125 0.97125
"133" 1 0.980988593155893 0.980988593155893
"134" 1 0.956629491945477 0.956629491945477
"135" 1 0.96405648267009 0.96405648267009
"136" 1 0.949937421777222 0.949937421777222
"137" 1 0.993702770780856 0.993702770780856
"138" 1 0.90458488228005 0.90458488228005
"139" 1 0.965561224489796 0.965561224489796
"140" 1 0.977443609022556 0.977443609022556
"141" 1 0.974326059050064 0.974326059050064
"142" 1 1 1
"143" 1 0.980595084087969 0.980595084087969
"144" 1 0.937185929648241 0.937185929648241
"145" 0.992 0.975579975579976 0.965811965811966
"146" 1 0.981155778894472 0.981155778894472
"147" 1 0.93854033290653 0.93854033290653
"148" NA NA NA
"149" 1 0.9 0.9
"150" 1 0.968671679197995 0.968671679197995
"151" 1 0.974968710888611 0.974968710888611
"152" 1 0.952080706179067 0.952080706179067
"153" 1 0.929824561403509 0.929824561403509
"154" 1 0.964779874213836 0.964779874213836
"155" 1 0.991347342398022 0.991347342398022
"156" 1 0.942355889724311 0.942355889724311
"157" 1 0.997539975399754 0.997539975399754
"158" 1 0.963930348258706 0.963930348258706
"159" 1 0.974842767295597 0.974842767295597
"160" 1 0.925692695214106 0.925692695214106
"161" 1 0.924691358024691 0.924691358024691
"162" 1 0.855345911949686 0.855345911949686
"163" 0.984 0.983770287141074 0.963795255930087
"164" 1 0.987714987714988 0.987714987714988
"165" 1 0.973439575033201 0.973439575033201
"166" 0.905 0.93734335839599 0.847117794486215
"167" 1 0.942065491183879 0.942065491183879
"168" 1 0.962593516209476 0.962593516209476
"169" 1 0.980487804878049 0.980487804878049
"170" 0.979 0.931761786600496 0.91439205955335
"171" 1 0.988888888888889 0.988888888888889
"172" 1 0.998778998778999 0.998778998778999
"173" 1 0.992601726263872 0.992601726263872
"174" 1 0.976040353089533 0.976040353089533
"175" 0.968 0.988593155893536 0.959442332065906
"176" 1 0.979328165374677 0.979328165374677
"177" 1 0.9975 0.9975
"178" 1 0.973316391359593 0.973316391359593
"179" 1 0.962311557788945 0.962311557788945
"180" 1 0.980319803198032 0.980319803198032
"181" 1 0.991368680641184 0.991368680641184
"182" 1 0.969097651421508 0.969097651421508
"183" 1 0.997555012224939 0.997555012224939
"184" 1 0.979460847240051 0.979460847240051
"185" 1 0.99639855942377 0.99639855942377
"186" 1 0.998780487804878 0.998780487804878
"187" 1 0.970996216897856 0.970996216897856
"188" 1 0.95357590966123 0.95357590966123
"189" 1 0.974296205630355 0.974296205630355
"190" 1 0.978908188585608 0.978908188585608
"191" 1 0.904881101376721 0.904881101376721
"192" 1 0.958076448828607 0.958076448828607
"193" 1 0.971285892634207 0.971285892634207
"194" 1 0.975308641975309 0.975308641975309
"195" 1 0.947236180904523 0.947236180904523
"196" 1 1 1
"197" 1 0.940656565656566 0.940656565656566
"198" 1 0.984943538268507 0.984943538268507
"199" 1 0.984575835475578 0.984575835475578
"200" 1 0.966207759699625 0.966207759699625
"201" 1 0.934699103713188 0.934699103713188
"202" 1 0.991336633663366 0.991336633663366
"203" 1 0.92588092345079 0.92588092345079
"204" 1 0.991347342398022 0.991347342398022
"205" 1 0.988461538461539 0.988461538461539
"206" 1 0.969135802469136 0.969135802469136
"207" 1 0.908176100628931 0.908176100628931
"208" 1 0.929889298892989 0.929889298892989
"209" 1 0.942714819427148 0.942714819427148
"210" 1 0.964646464646465 0.964646464646465
"211" 1 0.97625 0.97625
"212" 1 0.918092909535452 0.918092909535452
"213" 1 0.927770859277709 0.927770859277709
"214" 1 0.987373737373737 0.987373737373737
"215" 1 0.955610357583231 0.955610357583231
"216" 1 0.993702770780856 0.993702770780856
"217" 1 0.94949494949495 0.94949494949495
"218" 1 0.97710843373494 0.97710843373494
"219" 1 0.974326059050064 0.974326059050064
"220" 1 0.966376089663761 0.966376089663761
"221" 1 0.884276729559748 0.884276729559748
"222" 1 0.952970297029703 0.952970297029703
"223" 1 0.98641975308642 0.98641975308642
"224" 1 0.953714981729598 0.953714981729598
"225" 1 0.964720194647202 0.964720194647202
"226" 1 0.935081148564295 0.935081148564295
"227" 1 0.909429280397022 0.909429280397022
"228" 1 0.94625 0.94625
"229" 1 0.988679245283019 0.988679245283019
"230" 0.875 0.970186335403727 0.845962732919255
"231" 1 0.976279650436954 0.976279650436954
"232" 1 0.940024479804162 0.940024479804162
"233" 1 0.987608426270136 0.987608426270136
"234" 1 0.949569495694957 0.949569495694957
"235" 1 0.943890274314214 0.943890274314214
"236" 1 0.972534332084894 0.972534332084894
"237" 1 0.975579975579976 0.975579975579976
"238" 1 0.977859778597786 0.977859778597786
"239" 1 0.904823989569752 0.904823989569752
"240" 1 0.99875 0.99875
"241" 1 0.956072351421189 0.956072351421189
"242" 1 0.927318295739348 0.927318295739348
"243" 1 0.98134328358209 0.98134328358209
"244" 1 0.984752223634053 0.984752223634053
"245" 1 0.898136645962733 0.898136645962733
"246" 1 0.943949044585987 0.943949044585987
"247" 1 0.99236641221374 0.99236641221374
"248" 1 0.983523447401774 0.983523447401774
"249" 1 0.986146095717884 0.986146095717884
"250" 1 0.973551637279597 0.973551637279597
"251" 1 1 1
"252" 1 0.922693266832918 0.922693266832918
"253" 1 0.968274111675127 0.968274111675127
"254" 1 0.965909090909091 0.965909090909091
"255" 1 0.907151819322459 0.907151819322459
"256" 1 0.983770287141074 0.983770287141074
"257" 1 0.987373737373737 0.987373737373737
"258" 1 0.993694829760404 0.993694829760404
"259" 1 0.953922789539228 0.953922789539228
"260" 1 0.946847960444994 0.946847960444994
"261" 1 0.989886219974716 0.989886219974716
"262" 1 0.994987468671679 0.994987468671679
"263" 1 0.963291139240506 0.963291139240506
"264" 1 0.984595635430038 0.984595635430038
"265" 1 0.972670807453416 0.972670807453416
"266" 1 0.91751269035533 0.91751269035533
"267" 1 0.960096735187424 0.960096735187424
"268" 1 0.984886649874055 0.984886649874055
"269" 1 0.969400244798042 0.969400244798042
"270" 1 0.950840879689521 0.950840879689521
"271" 1 0.969287469287469 0.969287469287469
"272" 1 0.980793854033291 0.980793854033291
"273" 1 0.955752212389381 0.955752212389381
"274" 1 0.957232704402516 0.957232704402516
"275" 1 0.998724489795918 0.998724489795918
"276" 1 0.96291718170581 0.96291718170581
"277" 1 0.9846547314578 0.9846547314578
"278" 1 0.946601941747573 0.946601941747573
"279" 1 0.937733499377335 0.937733499377335
"280" 1 0.953086419753086 0.953086419753086
"281" 1 0.975186104218362 0.975186104218362
"282" 1 0.934426229508197 0.934426229508197
"283" 1 0.992414664981037 0.992414664981037
"284" 1 0.979089790897909 0.979089790897909
"285" 1 0.979242979242979 0.979242979242979
"286" 1 0.981108312342569 0.981108312342569
"287" 1 0.968911917098446 0.968911917098446
"288" 1 0.977777777777778 0.977777777777778
"289" 1 0.965952080706179 0.965952080706179
"290" 1 0.953517587939699 0.953517587939699
"291" 1 0.930817610062893 0.930817610062893
"292" 1 0.99874686716792 0.99874686716792
"293" 1 0.94393741851369 0.94393741851369
"294" 1 0.963541666666667 0.963541666666667
"295" 1 0.965060240963855 0.965060240963855
"296" 1 0.981132075471698 0.981132075471698
"297" 1 0.969924812030075 0.969924812030075
"298" 1 0.99874686716792 0.99874686716792
"299" 1 0.996240601503759 0.996240601503759
"300" 1 0.962195121951219 0.962195121951219
"301" 1 0.977914110429448 0.977914110429448
"302" 1 0.950242718446602 0.950242718446602
"303" 1 0.987639060568603 0.987639060568603
"304" 1 0.943030303030303 0.943030303030303
"305" 1 0.965559655596556 0.965559655596556
"306" 1 0.944717444717445 0.944717444717445
"307" 1 0.955583756345178 0.955583756345178
"308" 1 0.947435897435897 0.947435897435897
"309" 1 0.930025445292621 0.930025445292621
"310" 1 0.962453066332916 0.962453066332916
"311" 1 0.974874371859296 0.974874371859296
"312" 1 0.991368680641184 0.991368680641184
"313" 1 0.920693928128872 0.920693928128872
"314" 1 0.953980099502488 0.953980099502488
"315" 1 0.952853598014888 0.952853598014888
"316" 1 0.912237330037083 0.912237330037083
"317" 1 0.990111248454883 0.990111248454883
"318" 1 0.938364779874214 0.938364779874214
"319" 1 0.929440389294404 0.929440389294404
"320" 1 0.951672862453532 0.951672862453532
"321" 1 0.91698595146871 0.91698595146871
"322" 1 0.982478097622028 0.982478097622028
"323" 1 0.979772439949431 0.979772439949431
"324" 1 0.997429305912596 0.997429305912596
"325" 1 0.973880597014925 0.973880597014925
"326" 1 0.990147783251232 0.990147783251232
"327" 1 0.991139240506329 0.991139240506329
"328" 1 0.963795255930087 0.963795255930087
"329" 1 0.979746835443038 0.979746835443038
"330" 1 0.953545232273839 0.953545232273839
"331" 1 0.986146095717884 0.986146095717884
"332" 0.932 0.95776397515528 0.891925465838509
"333" 1 1 1
"334" 1 0.91969887076537 0.91969887076537
"335" 1 0.956896551724138 0.956896551724138
"336" 1 0.988578680203046 0.988578680203046
"337" 1 0.912609238451935 0.912609238451935
"338" 1 0.995226730310263 0.995226730310263
"339" 1 0.944091486658196 0.944091486658196
"340" 1 0.974326059050064 0.974326059050064
"341" 1 0.958438287153652 0.958438287153652
"342" 1 0.974651457541191 0.974651457541191
"343" 1 0.998716302952503 0.998716302952503
"344" 1 0.98234552332913 0.98234552332913
"345" 1 0.974106041923551 0.974106041923551
"346" 1 0.9875 0.9875
"347" 1 0.983850931677019 0.983850931677019
"348" 1 0.956140350877193 0.956140350877193
"349" 1 0.990049751243781 0.990049751243781
"350" 1 0.969249692496925 0.969249692496925
"351" 1 0.981320049813201 0.981320049813201
"352" 1 0.92643391521197 0.92643391521197
"353" 1 0.980988593155893 0.980988593155893
"354" 1 0.92991239048811 0.92991239048811
"355" 1 0.997575757575758 0.997575757575758
"356" 1 0.947565543071161 0.947565543071161
"357" 1 0.961298377028714 0.961298377028714
"358" 1 0.965071151358344 0.965071151358344
"359" 1 0.977358490566038 0.977358490566038
"360" 1 0.953028430160692 0.953028430160692
"361" 1 0.97103274559194 0.97103274559194
"362" 1 0.924337957124842 0.924337957124842
"363" 1 0.986284289276808 0.986284289276808
"364" 1 0.998712998712999 0.998712998712999
"365" 1 0.974137931034483 0.974137931034483
"366" 1 0.975520195838433 0.975520195838433
"367" 1 0.972704714640198 0.972704714640198
"368" 1 0.992258064516129 0.992258064516129
"369" 1 0.916771752837327 0.916771752837327
"370" 1 0.987293519695044 0.987293519695044
"371" 1 0.950124688279302 0.950124688279302
"372" 1 0.967980295566502 0.967980295566502
"373" 1 0.979899497487437 0.979899497487437
"374" 1 0.963010204081633 0.963010204081633
"375" 1 0.981296758104738 0.981296758104738
"376" 1 0.972222222222222 0.972222222222222
"377" 1 0.954602774274905 0.954602774274905
"378" 1 0.966963151207116 0.966963151207116
"379" 1 0.974042027194067 0.974042027194067
"380" 1 0.982630272952854 0.982630272952854
"381" 1 0.998753117206983 0.998753117206983
"382" 1 0.910224438902743 0.910224438902743
"383" 1 0.950695322376738 0.950695322376738
"384" 1 0.958698372966208 0.958698372966208
"385" 1 0.972602739726027 0.972602739726027
"386" 1 0.961775585696671 0.961775585696671
"387" 1 0.992638036809816 0.992638036809816
"388" 1 0.993983152827918 0.993983152827918
"389" 1 0.979012345679012 0.979012345679012
"390" 1 0.997542997542998 0.997542997542998
"391" 1 0.984088127294982 0.984088127294982
"392" 1 0.990111248454883 0.990111248454883
"393" 1 0.988805970149254 0.988805970149254
"394" 1 0.967088607594937 0.967088607594937
"395" 1 0.945137157107232 0.945137157107232
"396" 1 0.93859649122807 0.93859649122807
"397" 1 0.960709759188847 0.960709759188847
"398" 1 0.99748427672956 0.99748427672956
"399" 1 0.951371571072319 0.951371571072319
"400" 1 0.990012484394507 0.990012484394507
"401" 1 0.979949874686717 0.979949874686717
"402" 1 0.972465581977472 0.972465581977472
"403" 1 0.988735919899875 0.988735919899875
"404" 1 0.972584856396867 0.972584856396867
"405" 1 0.937655860349127 0.937655860349127
"406" 1 0.99622641509434 0.99622641509434
"407" 1 0.987437185929648 0.987437185929648
"408" 1 0.978398983481576 0.978398983481576
"409" 1 0.950713359273671 0.950713359273671
"410" 1 0.951911220715166 0.951911220715166
"411" 1 0.99234693877551 0.99234693877551
"412" 1 0.978589420654912 0.978589420654912
"413" 1 0.966376089663761 0.966376089663761
"414" 1 0.928391959798995 0.928391959798995
"415" 1 0.98879202988792 0.98879202988792
"416" 1 0.97636815920398 0.97636815920398
"417" 1 0.987468671679198 0.987468671679198
"418" 1 0.993849938499385 0.993849938499385
"419" 1 0.973105134474328 0.973105134474328
"420" 1 0.986215538847118 0.986215538847118
"421" 1 0.924812030075188 0.924812030075188
"422" 1 0.991183879093199 0.991183879093199
"423" 1 0.932330827067669 0.932330827067669
"424" 1 0.964421855146125 0.964421855146125
"425" 1 0.881612090680101 0.881612090680101
"426" 1 0.9025 0.9025
"427" 1 0.957178841309824 0.957178841309824
"428" 1 0.996235884567127 0.996235884567127
"429" 1 0.988621997471555 0.988621997471555
"430" 1 0.987325728770596 0.987325728770596
"431" 1 0.979924717691342 0.979924717691342
"432" 1 0.974327628361858 0.974327628361858
"433" 1 0.991228070175439 0.991228070175439
"434" 1 0.922699386503067 0.922699386503067
"435" 1 0.96095717884131 0.96095717884131
"436" 1 1 1
"437" 1 0.977358490566038 0.977358490566038
"438" 1 0.898640296662546 0.898640296662546
"439" 1 0.958015267175573 0.958015267175573
"440" 1 0.974811083123426 0.974811083123426
"441" 1 0.992537313432836 0.992537313432836
"442" 1 0.947300771208226 0.947300771208226
"443" 1 0.99501246882793 0.99501246882793
"444" 1 0.978855721393035 0.978855721393035
"445" 1 0.972903225806452 0.972903225806452
"446" 1 0.965605095541401 0.965605095541401
"447" 1 0.986386138613861 0.986386138613861
"448" 1 0.958282208588957 0.958282208588957
"449" 1 0.926470588235294 0.926470588235294
"450" 1 0.993788819875776 0.993788819875776
"451" 1 0.98876404494382 0.98876404494382
"452" 0.918 0.984867591424968 0.911727616645649
"453" 1 0.950777202072539 0.950777202072539
"454" 1 0.923654568210263 0.923654568210263
"455" 1 0.952080706179067 0.952080706179067
"456" 1 0.962453066332916 0.962453066332916
"457" 1 0.944852941176471 0.944852941176471
"458" 1 0.973282442748092 0.973282442748092
"459" 1 0.980271270036991 0.980271270036991
"460" 1 0.987760097919217 0.987760097919217
"461" 1 0.986284289276808 0.986284289276808
"462" 1 0.961832061068702 0.961832061068702
"463" 1 0.969021065675341 0.969021065675341
"464" 1 0.958179581795818 0.958179581795818
"465" 1 0.985933503836317 0.985933503836317
"466" 1 0.975186104218362 0.975186104218362
"467" 1 0.986163522012579 0.986163522012579
"468" 1 0.975216852540273 0.975216852540273
"469" 1 0.91031941031941 0.91031941031941
"470" 1 0.945945945945946 0.945945945945946
"471" 1 0.962168978562421 0.962168978562421
"472" 1 0.95935960591133 0.95935960591133
"473" 1 0.933420365535248 0.933420365535248
"474" 1 0.985185185185185 0.985185185185185
"475" 1 0.998762376237624 0.998762376237624
"476" 1 0.92375 0.92375
"477" 1 0.977584059775841 0.977584059775841
"478" 1 0.957070707070707 0.957070707070707
"479" 1 0.981684981684982 0.981684981684982
"480" 1 0.996192893401015 0.996192893401015
"481" 1 0.95244055068836 0.95244055068836
"482" 1 0.959798994974874 0.959798994974874
"483" 1 0.91125 0.91125
"484" 1 0.964153275648949 0.964153275648949
"485" 1 0.972361809045226 0.972361809045226
"486" 1 0.991293532338308 0.991293532338308
"487" 1 0.972431077694236 0.972431077694236
"488" 1 0.993662864385298 0.993662864385298
"489" 1 0.992619926199262 0.992619926199262
"490" 1 0.981366459627329 0.981366459627329
"491" 1 0.928934010152284 0.928934010152284
"492" 1 0.962593516209476 0.962593516209476
"493" 1 0.979974968710889 0.979974968710889
"494" 1 0.991139240506329 0.991139240506329
"495" 1 0.928848641655886 0.928848641655886
"496" 1 0.998702983138781 0.998702983138781
"497" 1 0.994955863808323 0.994955863808323
"498" 1 0.905927835051546 0.905927835051546
"499" 1 0.997521685254027 0.997521685254027
"500" 1 0.988875154511743 0.988875154511743
"501" 1 0.982608695652174 0.982608695652174
"502" 0.933 0.945707070707071 0.886363636363636
"503" 1 0.959259259259259 0.959259259259259
"504" 1 0.981132075471698 0.981132075471698
"505" 1 0.964912280701754 0.964912280701754
"506" 1 0.921182266009852 0.921182266009852
"507" 1 0.97103274559194 0.97103274559194
"508" 1 0.994974874371859 0.994974874371859
"509" 1 0.934324659231722 0.934324659231722
"510" 1 0.93213828425096 0.93213828425096
"511" 1 0.992610837438424 0.992610837438424
"512" 1 1 1
"513" 1 0.978643216080402 0.978643216080402
"514" 1 0.991082802547771 0.991082802547771
"515" 1 0.972772277227723 0.972772277227723
"516" 1 0.983481575603558 0.983481575603558
"517" 1 0.977584059775841 0.977584059775841
"518" 1 0.972636815920398 0.972636815920398
"519" 1 0.943679599499374 0.943679599499374
"520" 1 0.982905982905983 0.982905982905983
"521" 1 0.993811881188119 0.993811881188119
"522" 1 0.979899497487437 0.979899497487437
"523" 1 0.953374233128834 0.953374233128834
"524" 1 0.950632911392405 0.950632911392405
"525" 1 0.948275862068966 0.948275862068966
"526" 1 0.995037220843672 0.995037220843672
"527" 1 0.956743002544529 0.956743002544529
"528" 1 0.99874213836478 0.99874213836478
"529" 1 0.956575682382134 0.956575682382134
"530" 1 0.99748743718593 0.99748743718593
"531" 1 0.983990147783251 0.983990147783251
"532" 1 0.898876404494382 0.898876404494382
"533" 1 0.991217063989962 0.991217063989962
"534" 1 0.944581280788177 0.944581280788177
"535" 1 0.996332518337408 0.996332518337408
"536" 1 0.980818414322251 0.980818414322251
"537" 1 0.963383838383838 0.963383838383838
"538" 1 0.914179104477612 0.914179104477612
"539" 1 0.900735294117647 0.900735294117647
"540" 1 0.910714285714286 0.910714285714286
"541" 1 0.977805178791615 0.977805178791615
"542" 1 0.86848635235732 0.86848635235732
"543" 1 0.981036662452592 0.981036662452592
"544" 1 0.978398983481576 0.978398983481576
"545" 1 0.964805825242718 0.964805825242718
"546" 1 0.981549815498155 0.981549815498155
"547" 1 0.974968710888611 0.974968710888611
"548" 1 0.993796526054591 0.993796526054591
"549" 1 0.934755332496863 0.934755332496863
"550" 1 0.966451612903226 0.966451612903226
"551" 1 0.983850931677019 0.983850931677019
"552" 1 0.930946291560102 0.930946291560102
"553" 1 0.973384030418251 0.973384030418251
"554" 1 0.988549618320611 0.988549618320611
"555" 1 0.98505603985056 0.98505603985056
"556" 1 0.908074534161491 0.908074534161491
"557" 1 0.984395318595579 0.984395318595579
"558" 1 0.987546699875467 0.987546699875467
"559" 1 0.960907944514502 0.960907944514502
"560" 1 0.982800982800983 0.982800982800983
"561" 1 0.979565772669221 0.979565772669221
"562" 1 0.969773299748111 0.969773299748111
"563" 1 0.972805933250927 0.972805933250927
"564" 1 0.943890274314214 0.943890274314214
"565" 1 0.984924623115578 0.984924623115578
"566" 1 0.935802469135802 0.935802469135802
"567" 1 0.975186104218362 0.975186104218362
"568" 1 0.993865030674847 0.993865030674847
"569" 1 0.864831038798498 0.864831038798498
"570" 1 0.966666666666667 0.966666666666667
"571" 1 0.944444444444444 0.944444444444444
"572" 1 0.980964467005076 0.980964467005076
"573" 1 0.972805933250927 0.972805933250927
"574" 1 0.95448798988622 0.95448798988622
"575" 1 0.99873417721519 0.99873417721519
"576" 1 0.951970443349754 0.951970443349754
"577" 1 0.934567901234568 0.934567901234568
"578" 1 0.98019801980198 0.98019801980198
"579" 1 0.997533908754624 0.997533908754624
"580" 1 0.982651796778191 0.982651796778191
"581" 1 0.921694480102696 0.921694480102696
"582" 0.953 0.987484355444305 0.939924906132666
"583" 1 0.933497536945813 0.933497536945813
"584" 1 0.95357590966123 0.95357590966123
"585" 1 0.974327628361858 0.974327628361858
"586" 1 0.935849056603774 0.935849056603774
"587" 1 0.896932515337423 0.896932515337423
"588" 1 0.972222222222222 0.972222222222222
"589" 1 0.960659898477157 0.960659898477157
"590" 1 0.97211660329531 0.97211660329531
"591" 1 0.965822784810127 0.965822784810127
"592" 1 0.962168978562421 0.962168978562421
"593" 1 0.933414043583535 0.933414043583535
"594" 1 0.986232790988736 0.986232790988736
"595" 1 0.922885572139303 0.922885572139303
"596" 1 0.965130759651308 0.965130759651308
"597" 1 0.979038224414303 0.979038224414303
"598" 1 0.983585858585859 0.983585858585859
"599" 1 0.986486486486487 0.986486486486487
"600" 1 0.986536107711138 0.986536107711138
"601" 1 0.947109471094711 0.947109471094711
"602" 1 0.87420584498094 0.87420584498094
"603" 1 1 1
"604" 1 1 1
"605" 1 0.916976456009913 0.916976456009913
"606" 1 0.992665036674817 0.992665036674817
"607" 1 0.993622448979592 0.993622448979592
"608" 1 0.919293820933165 0.919293820933165
"609" 1 0.940446650124069 0.940446650124069
"610" 1 0.932014833127318 0.932014833127318
"611" 1 0.973111395646607 0.973111395646607
"612" 1 0.988520408163265 0.988520408163265
"613" 1 0.978343949044586 0.978343949044586
"614" 1 0.988778054862843 0.988778054862843
"615" 1 0.986146095717884 0.986146095717884
"616" 1 0.958974358974359 0.958974358974359
"617" 1 0.953282828282828 0.953282828282828
"618" 1 0.941391941391941 0.941391941391941
"619" 1 0.973815461346633 0.973815461346633
"620" 1 1 1
"621" 1 0.951310861423221 0.951310861423221
"622" 1 0.982565379825654 0.982565379825654
"623" 1 0.980487804878049 0.980487804878049
"624" 1 0.941031941031941 0.941031941031941
"625" 1 0.94228356336261 0.94228356336261
"626" 1 0.967113276492083 0.967113276492083
"627" 1 0.992452830188679 0.992452830188679
"628" 1 0.98505603985056 0.98505603985056
"629" 1 0.916562889165629 0.916562889165629
"630" 1 0.967700258397933 0.967700258397933
"631" 1 0.994955863808323 0.994955863808323
"632" 1 0.959608323133415 0.959608323133415
"633" 1 0.925786163522013 0.925786163522013
"634" 1 0.964019851116625 0.964019851116625
"635" 1 0.997542997542998 0.997542997542998
"636" 1 0.970909090909091 0.970909090909091
"637" 1 0.968408262454435 0.968408262454435
"638" 1 0.948275862068966 0.948275862068966
"639" 0.989 0.907242693773825 0.89707750952986
"640" 1 0.947239263803681 0.947239263803681
"641" 1 0.887909319899244 0.887909319899244
"642" 1 0.942714819427148 0.942714819427148
"643" 1 0.987789987789988 0.987789987789988
"644" 1 0.932569974554707 0.932569974554707
"645" 1 0.971285892634207 0.971285892634207
"646" 1 0.974169741697417 0.974169741697417
"647" 1 0.928662420382166 0.928662420382166
"648" 1 0.956304619225968 0.956304619225968
"649" 1 0.969962453066333 0.969962453066333
"650" 0.949 0.994897959183674 0.946428571428571
"651" 1 0.982323232323232 0.982323232323232
"652" 1 0.98870765370138 0.98870765370138
"653" 1 0.951776649746193 0.951776649746193
"654" 1 0.988929889298893 0.988929889298893
"655" 0.916 0.937880633373934 0.856272838002436
"656" 1 0.997509339975093 0.997509339975093
"657" 1 0.929181929181929 0.929181929181929
"658" 1 0.90738423028786 0.90738423028786
"659" 1 0.96 0.96
"660" 1 0.953459119496855 0.953459119496855
"661" 1 0.995121951219512 0.995121951219512
"662" 1 0.975155279503106 0.975155279503106
"663" 1 0.970074812967581 0.970074812967581
"664" 1 0.945911949685535 0.945911949685535
"665" 1 0.976772616136919 0.976772616136919
"666" 1 0.906367041198502 0.906367041198502
"667" 1 0.983481575603558 0.983481575603558
"668" 1 0.958485958485959 0.958485958485959
"669" 1 0.988664987405542 0.988664987405542
"670" 1 0.957637997432606 0.957637997432606
"671" 1 0.978288633461047 0.978288633461047
"672" 1 0.985 0.985
"673" 1 0.952020202020202 0.952020202020202
"674" 1 0.997496871088861 0.997496871088861
"675" 1 0.971214017521902 0.971214017521902
"676" 1 0.993788819875776 0.993788819875776
"677" 1 0.940298507462687 0.940298507462687
"678" 1 0.932014833127318 0.932014833127318
"679" 1 0.96375 0.96375
"680" 1 0.975826972010178 0.975826972010178
"681" 1 0.954264524103832 0.954264524103832
"682" 1 0.979669631512071 0.979669631512071
"683" 1 0.986215538847118 0.986215538847118
"684" 1 0.99 0.99
"685" 1 0.964019851116625 0.964019851116625
"686" 1 0.988461538461539 0.988461538461539
"687" 1 0.973105134474328 0.973105134474328
"688" 1 0.976600985221675 0.976600985221675
"689" 1 1 1
"690" 1 0.94949494949495 0.94949494949495
"691" 1 0.989756722151088 0.989756722151088
"692" 1 0.970812182741117 0.970812182741117
"693" 1 0.967741935483871 0.967741935483871
"694" 1 0.953519256308101 0.953519256308101
"695" 1 0.957446808510638 0.957446808510638
"696" 1 0.993796526054591 0.993796526054591
"697" 1 0.97875 0.97875
"698" 1 0.947826086956522 0.947826086956522
"699" 1 0.997536945812808 0.997536945812808
"700" 1 0.97062423500612 0.97062423500612
"701" 1 0.97979797979798 0.97979797979798
"702" 1 0.977443609022556 0.977443609022556
"703" 1 0.944300518134715 0.944300518134715
"704" 1 0.96875 0.96875
"705" 1 0.980511571254568 0.980511571254568
"706" 1 0.93 0.93
"707" 1 0.979772439949431 0.979772439949431
"708" 1 0.993564993564994 0.993564993564994
"709" 1 0.959748427672956 0.959748427672956
"710" 1 0.965605095541401 0.965605095541401
"711" 1 0.970037453183521 0.970037453183521
"712" 1 0.962358845671267 0.962358845671267
"713" NA NA NA
"714" 1 0.989847715736041 0.989847715736041
"715" 1 0.977099236641221 0.977099236641221
"716" 1 0.974683544303797 0.974683544303797
"717" 1 0.964868255959849 0.964868255959849
"718" 1 0.988431876606684 0.988431876606684
"719" 1 0.869674185463659 0.869674185463659
"720" 1 0.957746478873239 0.957746478873239
"721" 1 0.978398983481576 0.978398983481576
"722" 1 0.955242966751918 0.955242966751918
"723" 1 0.959390862944162 0.959390862944162
"724" 1 0.925410872313527 0.925410872313527
"725" 1 1 1
"726" 1 0.964241676942047 0.964241676942047
"727" 1 0.988664987405542 0.988664987405542
"728" 1 0.922470433639947 0.922470433639947
"729" 1 0.935687263556116 0.935687263556116
"730" 1 0.970802919708029 0.970802919708029
"731" 1 0.955357142857143 0.955357142857143
"732" 1 0.954489544895449 0.954489544895449
"733" 1 0.996287128712871 0.996287128712871
"734" 1 0.982005141388175 0.982005141388175
"735" NA NA NA
"736" 1 0.965601965601966 0.965601965601966
"737" 1 0.935361216730038 0.935361216730038
"738" 1 0.965303593556382 0.965303593556382
"739" 1 0.97622027534418 0.97622027534418
"740" 1 1 1
"741" 1 0.986128625472888 0.986128625472888
"742" 1 0.96343001261034 0.96343001261034
"743" 0.965 0.937269372693727 0.906519065190652
"744" 1 0.951612903225806 0.951612903225806
"745" 1 0.964019851116625 0.964019851116625
"746" 1 0.974937343358396 0.974937343358396
"747" 1 0.992647058823529 0.992647058823529
"748" 1 0.923739237392374 0.923739237392374
"749" 1 0.935723114956737 0.935723114956737
"750" 1 0.968193384223919 0.968193384223919
"751" 1 0.928843710292249 0.928843710292249
"752" 1 0.987244897959184 0.987244897959184
"753" 1 0.996212121212121 0.996212121212121
"754" 1 0.986128625472888 0.986128625472888
"755" 1 0.992376111817027 0.992376111817027
"756" 1 0.971985383678441 0.971985383678441
"757" 1 0.968369829683698 0.968369829683698
"758" 1 0.94080604534005 0.94080604534005
"759" 1 1 1
"760" 1 0.994917407878018 0.994917407878018
"761" 1 0.980049875311721 0.980049875311721
"762" 1 0.99375 0.99375
"763" 1 0.997474747474748 0.997474747474748
"764" 1 0.979848866498741 0.979848866498741
"765" 1 0.992471769134254 0.992471769134254
"766" 1 0.980818414322251 0.980818414322251
"767" 1 0.987421383647799 0.987421383647799
"768" 1 0.968671679197995 0.968671679197995
"769" 1 0.987980769230769 0.987980769230769
"770" 1 0.993796526054591 0.993796526054591
"771" 1 0.947437582128778 0.947437582128778
"772" 1 0.998696219035202 0.998696219035202
"773" 1 1 1
"774" 1 0.906530089628681 0.906530089628681
"775" 1 0.969211822660099 0.969211822660099
"776" 1 0.992665036674817 0.992665036674817
"777" 1 1 1
"778" 1 0.983354673495519 0.983354673495519
"779" 1 0.931122448979592 0.931122448979592
"780" 1 0.947044334975369 0.947044334975369
"781" 1 0.996129032258064 0.996129032258064
"782" 1 0.957839262187088 0.957839262187088
"783" 1 0.9925 0.9925
"784" 1 0.914141414141414 0.914141414141414
"785" 1 0.998745294855709 0.998745294855709
"786" 1 0.983565107458913 0.983565107458913
"787" 1 0.983565107458913 0.983565107458913
"788" 1 0.984943538268507 0.984943538268507
"789" 1 0.962686567164179 0.962686567164179
"790" 1 0.908653846153846 0.908653846153846
"791" 1 0.981226533166458 0.981226533166458
"792" 1 0.993781094527363 0.993781094527363
"793" 1 0.903629536921151 0.903629536921151
"794" 1 0.973451327433628 0.973451327433628
"795" 1 0.952261306532663 0.952261306532663
"796" 1 0.998751560549313 0.998751560549313
"797" 0.947 0.988970588235294 0.933823529411765
"798" 1 0.92219387755102 0.92219387755102
"799" 1 0.973384030418251 0.973384030418251
"800" 1 0.98636926889715 0.98636926889715
"801" 1 0.968176254589963 0.968176254589963
"802" 1 0.954773869346734 0.954773869346734
"803" 1 0.92326431181486 0.92326431181486
"804" 1 0.987775061124694 0.987775061124694
"805" 1 0.973451327433628 0.973451327433628
"806" 1 0.991379310344828 0.991379310344828
"807" 1 0.984905660377358 0.984905660377358
"808" NA NA NA
"809" 1 0.989834815756036 0.989834815756036
"810" 1 0.95369211514393 0.95369211514393
"811" 0.96 0.983910891089109 0.941831683168317
"812" 1 0.941624365482233 0.941624365482233
"813" 1 0.918238993710692 0.918238993710692
"814" 1 0.998759305210918 0.998759305210918
"815" 1 0.971321695760598 0.971321695760598
"816" 1 0.987421383647799 0.987421383647799
"817" 1 0.994943109987358 0.994943109987358
"818" 1 0.953045685279188 0.953045685279188
"819" 1 0.982565379825654 0.982565379825654
"820" 1 0.99501246882793 0.99501246882793
"821" 1 0.950695322376738 0.950695322376738
"822" 1 0.986682808716707 0.986682808716707
"823" 1 0.99359795134443 0.99359795134443
"824" 1 0.979772439949431 0.979772439949431
"825" 0.942 0.943349753694581 0.896551724137931
"826" 1 0.979924717691342 0.979924717691342
"827" 1 0.982120051085568 0.982120051085568
"828" 1 0.983225806451613 0.983225806451613
"829" 1 0.965561224489796 0.965561224489796
"830" 1 0.987212276214834 0.987212276214834
"831" 1 0.954943679599499 0.954943679599499
"832" 1 0.980606060606061 0.980606060606061
"833" 1 0.983729662077597 0.983729662077597
"834" 1 0.936010037641154 0.936010037641154
"835" 1 1 1
"836" 1 0.987593052109181 0.987593052109181
"837" 1 0.963975155279503 0.963975155279503
"838" 1 0.970909090909091 0.970909090909091
"839" 1 0.976514215080346 0.976514215080346
"840" 1 0.989937106918239 0.989937106918239
"841" 1 0.940446650124069 0.940446650124069
"842" 1 0.852374839537869 0.852374839537869
"843" 1 0.996207332490518 0.996207332490518
"844" 1 0.893617021276596 0.893617021276596
"845" 1 0.888050314465409 0.888050314465409
"846" 1 0.9975 0.9975
"847" 1 0.913857677902622 0.913857677902622
"848" 1 0.981773997569866 0.981773997569866
"849" 1 0.928660826032541 0.928660826032541
"850" 1 0.98134328358209 0.98134328358209
"851" 1 0.965130759651308 0.965130759651308
"852" 1 0.965736040609137 0.965736040609137
"853" 1 0.903629536921151 0.903629536921151
"854" 1 0.991379310344828 0.991379310344828
"855" 1 0.916666666666667 0.916666666666667
"856" 1 0.89873417721519 0.89873417721519
"857" 1 0.954198473282443 0.954198473282443
"858" 1 0.97029702970297 0.97029702970297
"859" 1 0.958594730238394 0.958594730238394
"860" 1 0.974137931034483 0.974137931034483
"861" 1 0.943734015345269 0.943734015345269
"862" 1 0.984962406015038 0.984962406015038
"863" 1 0.935687263556116 0.935687263556116
"864" 1 0.938519447929737 0.938519447929737
"865" 1 0.992718446601942 0.992718446601942
"866" 1 0.927409261576971 0.927409261576971
"867" 1 0.930025445292621 0.930025445292621
"868" 1 0.994936708860759 0.994936708860759
"869" 0.973 0.960687960687961 0.936117936117936
"870" 1 0.986180904522613 0.986180904522613
"871" 1 0.982543640897756 0.982543640897756
"872" 0.961 0.988805970149254 0.949004975124378
"873" 1 0.992601726263872 0.992601726263872
"874" 1 0.962469733656174 0.962469733656174
"875" 1 0.98034398034398 0.98034398034398
"876" 1 0.946317103620474 0.946317103620474
"877" 1 0.924717691342534 0.924717691342534
"878" 1 0.962871287128713 0.962871287128713
"879" 1 0.953144266337855 0.953144266337855
"880" 1 0.969135802469136 0.969135802469136
"881" 1 0.99878640776699 0.99878640776699
"882" 1 0.98501872659176 0.98501872659176
"883" 1 1 1
"884" 1 0.968331303288672 0.968331303288672
"885" 1 0.9775 0.9775
"886" 1 0.997435897435897 0.997435897435897
"887" 1 0.952264381884945 0.952264381884945
"888" 1 0.945544554455445 0.945544554455445
"889" 1 0.993804213135068 0.993804213135068
"890" 1 0.931210191082803 0.931210191082803
"891" 1 0.93854033290653 0.93854033290653
"892" 1 0.959899749373434 0.959899749373434
"893" 1 0.947303921568627 0.947303921568627
"894" 1 0.976658476658477 0.976658476658477
"895" 1 0.966871165644172 0.966871165644172
"896" 1 0.980891719745223 0.980891719745223
"897" 1 0.996240601503759 0.996240601503759
"898" 1 0.952970297029703 0.952970297029703
"899" 1 0.972636815920398 0.972636815920398
"900" 1 0.928301886792453 0.928301886792453
"901" 1 0.986215538847118 0.986215538847118
"902" 1 0.995024875621891 0.995024875621891
"903" 1 0.930817610062893 0.930817610062893
"904" 1 0.920398009950249 0.920398009950249
"905" 1 0.959409594095941 0.959409594095941
"906" 1 0.947164948453608 0.947164948453608
"907" 1 0.985037406483791 0.985037406483791
"908" 1 0.970512820512821 0.970512820512821
"909" 1 0.96687898089172 0.96687898089172
"910" 1 0.954987834549878 0.954987834549878
"911" 1 0.966019417475728 0.966019417475728
"912" 1 0.95625 0.95625
"913" 1 0.987760097919217 0.987760097919217
"914" 1 0.953865336658354 0.953865336658354
"915" 0.903 0.975216852540273 0.878562577447336
"916" 1 0.985365853658537 0.985365853658537
"917" 1 1 1
"918" 1 0.886998784933171 0.886998784933171
"919" 1 0.945068664169788 0.945068664169788
"920" 1 0.985037406483791 0.985037406483791
"921" 1 0.956736711990111 0.956736711990111
"922" 1 0.984981226533166 0.984981226533166
"923" 1 0.984615384615385 0.984615384615385
"924" 1 0.987484355444305 0.987484355444305
"925" 1 0.992481203007519 0.992481203007519
"926" 1 0.961963190184049 0.961963190184049
"927" 1 0.943949044585987 0.943949044585987
"928" 1 0.964512040557668 0.964512040557668
"929" 1 0.924433249370277 0.924433249370277
"930" 1 0.984810126582279 0.984810126582279
"931" 1 0.964376590330789 0.964376590330789
"932" 1 0.967821782178218 0.967821782178218
"933" 1 0.983460559796438 0.983460559796438
"934" 1 0.968314321926489 0.968314321926489
"935" 1 0.934729064039409 0.934729064039409
"936" 1 0.936363636363636 0.936363636363636
"937" 1 0.933333333333333 0.933333333333333
"938" 1 0.961822660098522 0.961822660098522
"939" 1 0.992424242424242 0.992424242424242
"940" 1 0.961340206185567 0.961340206185567
"941" 1 0.919847328244275 0.919847328244275
"942" 1 0.965087281795511 0.965087281795511
"943" 1 0.918518518518519 0.918518518518519
"944" 1 0.960759493670886 0.960759493670886
"945" 1 0.971534653465347 0.971534653465347
"946" 1 0.992405063291139 0.992405063291139
"947" 1 0.945 0.945
"948" 1 0.97375 0.97375
"949" 1 0.967581047381546 0.967581047381546
"950" 1 0.989860583016477 0.989860583016477
"951" 1 0.953865336658354 0.953865336658354
"952" 0.98 0.959608323133415 0.938800489596083
"953" 1 0.968866749688667 0.968866749688667
"954" 1 0.97796817625459 0.97796817625459
"955" 1 0.991161616161616 0.991161616161616
"956" 1 0.995024875621891 0.995024875621891
"957" 1 0.96401028277635 0.96401028277635
"958" 1 0.963459196102314 0.963459196102314
"959" 1 0.993819530284302 0.993819530284302
"960" 1 0.946650124069479 0.946650124069479
"961" 1 0.966911764705882 0.966911764705882
"962" 1 0.847607052896725 0.847607052896725
"963" 1 0.987468671679198 0.987468671679198
"964" 1 0.932432432432432 0.932432432432432
"965" 1 0.965087281795511 0.965087281795511
"966" 1 0.934615384615385 0.934615384615385
"967" 1 0.974937343358396 0.974937343358396
"968" 1 0.976309226932668 0.976309226932668
"969" 1 0.996296296296296 0.996296296296296
"970" 1 0.987421383647799 0.987421383647799
"971" 1 0.986022871664549 0.986022871664549
"972" 1 0.993939393939394 0.993939393939394
"973" 1 0.979924717691342 0.979924717691342
"974" 1 0.987775061124694 0.987775061124694
"975" 1 0.948275862068966 0.948275862068966
"976" 1 0.916666666666667 0.916666666666667
"977" 1 0.945679012345679 0.945679012345679
"978" 1 0.939393939393939 0.939393939393939
"979" 1 0.955168119551681 0.955168119551681
"980" 1 0.952205882352941 0.952205882352941
"981" 1 0.975918884664132 0.975918884664132
"982" 1 0.967861557478368 0.967861557478368
"983" 1 0.987389659520807 0.987389659520807
"984" 1 0.963840399002494 0.963840399002494
"985" 1 0.998724489795918 0.998724489795918
"986" 1 0.888751545117429 0.888751545117429
"987" 1 0.976514215080346 0.976514215080346
"988" 1 0.978776529338327 0.978776529338327
"989" 1 0.956949569495695 0.956949569495695
"990" 1 0.951127819548872 0.951127819548872
"991" 1 0.971974522292994 0.971974522292994
"992" 1 0.967781908302354 0.967781908302354
"993" 1 0.97029702970297 0.97029702970297
"994" 1 0.988693467336683 0.988693467336683
"995" 1 0.992610837438424 0.992610837438424
"996" 1 0.918952618453865 0.918952618453865
"997" 1 0.917197452229299 0.917197452229299
"998" 0.989 0.961070559610706 0.947688564476886
"999" 1 0.940740740740741 0.940740740740741
"1000" 1 1 1
