"V1" "V2" "V3"
"1" 1 0.885714285714286 0.885714285714286
"2" 1 0.897435897435897 0.897435897435897
"3" 1 0.972677595628415 0.972677595628415
"4" 1 0.994505494505495 0.994505494505495
"5" 1 0.945355191256831 0.945355191256831
"6" 1 0.967914438502674 0.967914438502674
"7" 1 0.859943977591036 0.859943977591036
"8" 1 0.972222222222222 0.972222222222222
"9" 1 0.978082191780822 0.978082191780822
"10" 1 0.997159090909091 0.997159090909091
"11" 1 0.893048128342246 0.893048128342246
"12" 1 0.955678670360111 0.955678670360111
"13" 1 0.96600566572238 0.96600566572238
"14" 1 0.992021276595745 0.992021276595745
"15" 1 0.94550408719346 0.94550408719346
"16" 1 0.936986301369863 0.936986301369863
"17" 1 0.923287671232877 0.923287671232877
"18" 1 0.8 0.8
"19" 1 0.977207977207977 0.977207977207977
"20" 1 0.911528150134048 0.911528150134048
"21" 1 0.989417989417989 0.989417989417989
"22" 1 0.909574468085106 0.909574468085106
"23" 1 0.984 0.984
"24" 1 0.975871313672922 0.975871313672922
"25" 1 0.943502824858757 0.943502824858757
"26" 1 0.896373056994819 0.896373056994819
"27" 1 0.950867052023121 0.950867052023121
"28" 1 0.929155313351499 0.929155313351499
"29" 1 0.92972972972973 0.92972972972973
"30" 1 1 1
"31" 1 0.975206611570248 0.975206611570248
"32" 1 0.970976253298153 0.970976253298153
"33" 1 0.980555555555556 0.980555555555556
"34" 1 0.972602739726027 0.972602739726027
"35" 1 1 1
"36" 1 0.897222222222222 0.897222222222222
"37" 0.84 0.97289156626506 0.912650602409639
"38" 1 0.912087912087912 0.912087912087912
"39" 1 0.988980716253444 0.988980716253444
"40" 1 0.988950276243094 0.988950276243094
"41" 1 0.967828418230563 0.967828418230563
"42" 1 0.992 0.992
"43" 1 0.92836676217765 0.92836676217765
"44" 1 0.975935828877005 0.975935828877005
"45" 0.897 1 0.95
"46" 1 1 1
"47" 1 0.98050139275766 0.98050139275766
"48" 1 0.865168539325843 0.865168539325843
"49" 1 0.987468671679198 0.987468671679198
"50" 0.943 0.968660968660969 0.954415954415954
"51" 1 0.994202898550725 0.994202898550725
"52" 1 0.942355889724311 0.942355889724311
"53" 1 0.976 0.976
"54" 0.959 0.930591259640103 0.915167095115681
"55" 1 0.959785522788204 0.959785522788204
"56" 1 0.932065217391304 0.932065217391304
"57" 1 0.994609164420485 0.994609164420485
"58" 1 0.890374331550802 0.890374331550802
"59" 1 0.994666666666667 0.994666666666667
"60" 1 0.986772486772487 0.986772486772487
"61" 1 0.986702127659574 0.986702127659574
"62" 1 0.978666666666667 0.978666666666667
"63" 1 0.94300518134715 0.94300518134715
"64" 1 0.954666666666667 0.954666666666667
"65" 1 0.997206703910615 0.997206703910615
"66" 0.816 0.962566844919786 0.855614973262032
"67" 1 0.970666666666667 0.970666666666667
"68" 1 0.915730337078652 0.915730337078652
"69" 1 0.903030303030303 0.903030303030303
"70" 1 0.997333333333333 0.997333333333333
"71" 1 0.940721649484536 0.940721649484536
"72" 1 0.880952380952381 0.880952380952381
"73" 1 0.977961432506887 0.977961432506887
"74" 1 0.991097922848665 0.991097922848665
"75" 1 0.956164383561644 0.956164383561644
"76" 1 0.974226804123711 0.974226804123711
"77" 1 0.919571045576407 0.919571045576407
"78" 1 0.961432506887052 0.961432506887052
"79" 1 0.92896174863388 0.92896174863388
"80" 1 0.918032786885246 0.918032786885246
"81" 1 0.981132075471698 0.981132075471698
"82" 0.886 0.967581047381546 0.915211970074813
"83" 1 0.945244956772334 0.945244956772334
"84" 1 0.978494623655914 0.978494623655914
"85" 1 0.948051948051948 0.948051948051948
"86" 1 0.93029490616622 0.93029490616622
"87" 1 0.989100817438692 0.989100817438692
"88" 0.861 0.921348314606742 0.856741573033708
"89" 1 0.95822454308094 0.95822454308094
"90" 1 0.958217270194986 0.958217270194986
"91" 1 0.997245179063361 0.997245179063361
"92" 0.898 0.944444444444444 0.886243386243386
"93" NA NA NA
"94" 1 0.923273657289003 0.923273657289003
"95" 1 1 1
"96" 1 0.975409836065574 0.975409836065574
"97" 1 0.956403269754768 0.956403269754768
"98" 1 0.979643765903308 0.979643765903308
"99" 1 0.981865284974093 0.981865284974093
"100" 1 0.967479674796748 0.967479674796748
"101" 1 0.957894736842105 0.957894736842105
"102" 1 0.966942148760331 0.966942148760331
"103" 1 0.984293193717278 0.984293193717278
"104" 1 0.970845481049563 0.970845481049563
"105" 0.829 0.994609164420485 0.911051212938005
"106" 1 0.981382978723404 0.981382978723404
"107" 1 1 1
"108" 1 0.857908847184987 0.857908847184987
"109" 1 0.964088397790055 0.964088397790055
"110" 1 0.994334277620397 0.994334277620397
"111" 1 0.929577464788732 0.929577464788732
"112" 1 0.994579945799458 0.994579945799458
"113" 1 0.908847184986595 0.908847184986595
"114" 1 0.981912144702842 0.981912144702842
"115" 1 0.986702127659574 0.986702127659574
"116" 1 0.981958762886598 0.981958762886598
"117" 1 0.988636363636364 0.988636363636364
"118" 1 0.963446475195822 0.963446475195822
"119" 1 0.920424403183024 0.920424403183024
"120" 1 0.948087431693989 0.948087431693989
"121" 1 0.946091644204852 0.946091644204852
"122" 0.842 0.997252747252747 0.914835164835165
"123" 1 0.953890489913545 0.953890489913545
"124" 1 0.958448753462604 0.958448753462604
"125" 1 0.987980769230769 0.987980769230769
"126" 0.881 0.951612903225806 0.89247311827957
"127" 1 0.880222841225627 0.880222841225627
"128" 1 0.987080103359173 0.987080103359173
"129" 1 0.934246575342466 0.934246575342466
"130" 1 0.898630136986301 0.898630136986301
"131" 1 0.876750700280112 0.876750700280112
"132" 1 0.968215158924205 0.968215158924205
"133" 1 0.96448087431694 0.96448087431694
"134" 1 0.99112426035503 0.99112426035503
"135" 1 0.97911227154047 0.97911227154047
"136" 0.808 0.991620111731844 0.910614525139665
"137" 1 0.927576601671309 0.927576601671309
"138" 0.79 0.960893854748603 0.88268156424581
"139" 1 0.985207100591716 0.985207100591716
"140" 1 0.962264150943396 0.962264150943396
"141" 1 0.881927710843374 0.881927710843374
"142" 1 0.921119592875318 0.921119592875318
"143" 0.897 0.823056300268097 0.756032171581769
"144" 1 0.969945355191257 0.969945355191257
"145" 1 0.97029702970297 0.97029702970297
"146" 1 0.968503937007874 0.968503937007874
"147" 1 0.98 0.98
"148" 1 0.976439790575916 0.976439790575916
"149" 1 0.968 0.968
"150" 1 0.966666666666667 0.966666666666667
"151" 1 0.840314136125654 0.840314136125654
"152" 1 0.989159891598916 0.989159891598916
"153" 1 0.889182058047493 0.889182058047493
"154" 1 0.957219251336898 0.957219251336898
"155" 1 0.989010989010989 0.989010989010989
"156" 1 0.867768595041322 0.867768595041322
"157" 1 0.994778067885117 0.994778067885117
"158" 1 0.979002624671916 0.979002624671916
"159" 1 0.876606683804627 0.876606683804627
"160" 1 0.991176470588235 0.991176470588235
"161" 1 0.877604166666667 0.877604166666667
"162" 1 0.975741239892183 0.975741239892183
"163" 1 0.936986301369863 0.936986301369863
"164" 1 0.945086705202312 0.945086705202312
"165" 1 0.877005347593583 0.877005347593583
"166" 1 0.970976253298153 0.970976253298153
"167" 1 0.983914209115281 0.983914209115281
"168" 1 0.980716253443526 0.980716253443526
"169" 1 0.92972972972973 0.92972972972973
"170" 1 0.888586956521739 0.888586956521739
"171" 0.904 0.93979057591623 0.895287958115183
"172" 1 0.985549132947977 0.985549132947977
"173" 1 0.987179487179487 0.987179487179487
"174" 1 0.995049504950495 0.995049504950495
"175" 1 0.97289972899729 0.97289972899729
"176" 1 0.984168865435356 0.984168865435356
"177" 1 0.977961432506887 0.977961432506887
"178" 1 0.929824561403509 0.929824561403509
"179" 1 0.953079178885631 0.953079178885631
"180" 0.896 0.980392156862745 0.949579831932773
"181" 0.951 0.929319371727749 0.905759162303665
"182" 1 0.977961432506887 0.977961432506887
"183" 1 0.984042553191489 0.984042553191489
"184" 1 0.948648648648649 0.948648648648649
"185" 1 0.818428184281843 0.818428184281843
"186" 1 0.997084548104956 0.997084548104956
"187" 1 0.951612903225806 0.951612903225806
"188" 0.713 0.970027247956403 0.798365122615804
"189" 1 0.911111111111111 0.911111111111111
"190" 0.974 0.89405684754522 0.878552971576227
"191" 1 0.934554973821989 0.934554973821989
"192" 1 0.963068181818182 0.963068181818182
"193" 1 0.979591836734694 0.979591836734694
"194" 1 1 1
"195" 1 0.96031746031746 0.96031746031746
"196" 1 0.931623931623932 0.931623931623932
"197" 0.989 0.952513966480447 0.94413407821229
"198" 1 0.934210526315789 0.934210526315789
"199" 1 0.957104557640751 0.957104557640751
"200" 1 0.988059701492537 0.988059701492537
"201" 0.895 0.920308483290488 0.866323907455013
"202" 1 0.997237569060773 0.997237569060773
"203" 0.951 0.96969696969697 0.9366391184573
"204" 1 0.905982905982906 0.905982905982906
"205" 0.85 0.958656330749354 0.886304909560723
"206" 1 0.973614775725594 0.973614775725594
"207" 1 0.982233502538071 0.982233502538071
"208" 1 0.962864721485411 0.962864721485411
"209" 1 0.984455958549223 0.984455958549223
"210" 1 0.946091644204852 0.946091644204852
"211" 1 0.976 0.976
"212" 1 0.960835509138381 0.960835509138381
"213" 1 0.960674157303371 0.960674157303371
"214" 1 0.921195652173913 0.921195652173913
"215" 1 0.981382978723404 0.981382978723404
"216" 1 1 1
"217" 1 0.994301994301994 0.994301994301994
"218" 1 0.94949494949495 0.94949494949495
"219" 1 0.976623376623377 0.976623376623377
"220" 1 0.970744680851064 0.970744680851064
"221" 1 0.885204081632653 0.885204081632653
"222" 1 0.919540229885057 0.919540229885057
"223" 1 0.951289398280802 0.951289398280802
"224" 0.849 0.901554404145078 0.849740932642487
"225" 1 0.954666666666667 0.954666666666667
"226" 1 0.911111111111111 0.911111111111111
"227" 1 0.955497382198953 0.955497382198953
"228" 1 0.948979591836735 0.948979591836735
"229" 1 0.903394255874674 0.903394255874674
"230" 0.948 0.911227154046997 0.887728459530026
"231" 1 0.978835978835979 0.978835978835979
"232" 1 0.957286432160804 0.957286432160804
"233" 1 0.91578947368421 0.91578947368421
"234" 1 0.954198473282443 0.954198473282443
"235" 1 0.986876640419947 0.986876640419947
"236" 1 0.956873315363881 0.956873315363881
"237" 1 0.971794871794872 0.971794871794872
"238" 1 0.930835734870317 0.930835734870317
"239" 1 0.883289124668435 0.883289124668435
"240" 1 0.979274611398964 0.979274611398964
"241" 0.924 0.967741935483871 0.92741935483871
"242" 0.959 0.896551724137931 0.880636604774536
"243" 1 0.897142857142857 0.897142857142857
"244" 1 0.982630272952854 0.982630272952854
"245" 1 0.992042440318302 0.992042440318302
"246" 1 0.941025641025641 0.941025641025641
"247" 1 0.991735537190083 0.991735537190083
"248" 1 0.899728997289973 0.899728997289973
"249" 1 0.905555555555556 0.905555555555556
"250" 1 0.862433862433862 0.862433862433862
"251" 1 0.915014164305949 0.915014164305949
"252" 1 0.986979166666667 0.986979166666667
"253" 1 0.927576601671309 0.927576601671309
"254" 0.914 0.994490358126722 0.950413223140496
"255" 1 0.994428969359331 0.994428969359331
"256" 0.939 0.904761904761905 0.888888888888889
"257" 1 0.990936555891239 0.990936555891239
"258" 1 0.978552278820375 0.978552278820375
"259" 1 0.983870967741935 0.983870967741935
"260" 1 0.972568578553616 0.972568578553616
"261" 1 0.989189189189189 0.989189189189189
"262" 1 0.973684210526316 0.973684210526316
"263" 1 0.927777777777778 0.927777777777778
"264" 0.793 0.991150442477876 0.890855457227139
"265" 1 0.920679886685552 0.920679886685552
"266" 1 0.907608695652174 0.907608695652174
"267" 1 0.901129943502825 0.901129943502825
"268" 1 0.99234693877551 0.99234693877551
"269" 1 0.897506925207756 0.897506925207756
"270" 1 0.948717948717949 0.948717948717949
"271" 1 0.949602122015915 0.949602122015915
"272" 1 0.946380697050938 0.946380697050938
"273" 1 0.953424657534247 0.953424657534247
"274" 1 0.984126984126984 0.984126984126984
"275" 1 0.986149584487535 0.986149584487535
"276" 1 0.978947368421053 0.978947368421053
"277" 0.966 0.974358974358974 0.957264957264957
"278" 1 0.914529914529915 0.914529914529915
"279" 1 0.989528795811518 0.989528795811518
"280" 0.92 0.902702702702703 0.848648648648649
"281" 1 0.992105263157895 0.992105263157895
"282" 1 0.956989247311828 0.956989247311828
"283" 1 0.992125984251969 0.992125984251969
"284" 1 0.991803278688525 0.991803278688525
"285" 1 0.988857938718663 0.988857938718663
"286" 0.927 0.964102564102564 0.941025641025641
"287" 1 0.955431754874652 0.955431754874652
"288" 0.956 0.971279373368146 0.95822454308094
"289" 1 0.98300283286119 0.98300283286119
"290" 1 0.896142433234421 0.896142433234421
"291" 1 0.977272727272727 0.977272727272727
"292" 1 0.956043956043956 0.956043956043956
"293" 1 0.855457227138643 0.855457227138643
"294" 1 0.94300518134715 0.94300518134715
"295" 1 0.933884297520661 0.933884297520661
"296" 0.966 0.866004962779156 0.851116625310174
"297" 1 0.91869918699187 0.91869918699187
"298" 1 0.973958333333333 0.973958333333333
"299" 1 0.823076923076923 0.823076923076923
"300" 1 0.966480446927374 0.966480446927374
"301" 1 0.974093264248705 0.974093264248705
"302" 1 0.927374301675978 0.927374301675978
"303" 0.936 0.925925925925926 0.899470899470899
"304" 1 0.914948453608247 0.914948453608247
"305" 1 0.882513661202186 0.882513661202186
"306" 1 0.985875706214689 0.985875706214689
"307" 1 0.948979591836735 0.948979591836735
"308" 1 0.950738916256158 0.950738916256158
"309" 1 0.934782608695652 0.934782608695652
"310" 1 0.992424242424242 0.992424242424242
"311" 1 0.814713896457766 0.814713896457766
"312" 1 1 1
"313" 1 1 1
"314" 1 0.994475138121547 0.994475138121547
"315" 1 0.938144329896907 0.938144329896907
"316" 0.975 0.918575063613232 0.910941475826972
"317" 1 0.954177897574124 0.954177897574124
"318" 1 0.96969696969697 0.96969696969697
"319" 1 0.94750656167979 0.94750656167979
"320" 1 0.978436657681941 0.978436657681941
"321" 1 0.989304812834225 0.989304812834225
"322" 1 0.933161953727506 0.933161953727506
"323" 1 0.96398891966759 0.96398891966759
"324" 1 0.925207756232687 0.925207756232687
"325" 1 0.989041095890411 0.989041095890411
"326" 1 0.952261306532663 0.952261306532663
"327" 1 0.978552278820375 0.978552278820375
"328" 1 0.964769647696477 0.964769647696477
"329" 1 0.953038674033149 0.953038674033149
"330" 1 0.918848167539267 0.918848167539267
"331" 1 0.96816976127321 0.96816976127321
"332" 1 0.929319371727749 0.929319371727749
"333" 1 0.952908587257618 0.952908587257618
"334" 1 0.869942196531792 0.869942196531792
"335" 1 0.950819672131147 0.950819672131147
"336" 0.912 0.958100558659218 0.932960893854749
"337" 1 0.889830508474576 0.889830508474576
"338" 1 0.989847715736041 0.989847715736041
"339" 1 0.947945205479452 0.947945205479452
"340" 1 0.952755905511811 0.952755905511811
"341" 1 0.958115183246073 0.958115183246073
"342" 1 0.942105263157895 0.942105263157895
"343" 1 0.984415584415584 0.984415584415584
"344" 1 0.95360824742268 0.95360824742268
"345" 1 0.966942148760331 0.966942148760331
"346" 1 0.979002624671916 0.979002624671916
"347" 1 1 1
"348" 1 0.997368421052632 0.997368421052632
"349" 1 0.93048128342246 0.93048128342246
"350" 1 0.93956043956044 0.93956043956044
"351" 1 0.908602150537634 0.908602150537634
"352" 1 0.986772486772487 0.986772486772487
"353" 0.958 0.921621621621622 0.908108108108108
"354" 1 0.974285714285714 0.974285714285714
"355" 1 0.961325966850829 0.961325966850829
"356" 1 0.962962962962963 0.962962962962963
"357" 1 0.983827493261456 0.983827493261456
"358" 1 0.99438202247191 0.99438202247191
"359" 1 0.91869918699187 0.91869918699187
"360" 1 0.966850828729282 0.966850828729282
"361" 1 0.994832041343669 0.994832041343669
"362" 1 1 1
"363" 0.99 0.981481481481482 0.978835978835979
"364" 1 0.924157303370786 0.924157303370786
"365" 1 0.954787234042553 0.954787234042553
"366" 1 0.956164383561644 0.956164383561644
"367" 1 0.958005249343832 0.958005249343832
"368" 1 0.98921832884097 0.98921832884097
"369" 1 0.947368421052632 0.947368421052632
"370" 1 0.918032786885246 0.918032786885246
"371" 1 0.997093023255814 0.997093023255814
"372" 0.839 0.997198879551821 0.92156862745098
"373" 1 0.801104972375691 0.801104972375691
"374" 1 0.936962750716332 0.936962750716332
"375" 1 0.994652406417112 0.994652406417112
"376" 1 0.96816976127321 0.96816976127321
"377" 0.988 0.929971988795518 0.92436974789916
"378" 1 0.992424242424242 0.992424242424242
"379" 1 0.967005076142132 0.967005076142132
"380" 1 1 1
"381" 0.892 0.972375690607735 0.92817679558011
"382" 1 0.900262467191601 0.900262467191601
"383" 1 0.988795518207283 0.988795518207283
"384" 1 0.983471074380165 0.983471074380165
"385" 1 0.976683937823834 0.976683937823834
"386" 1 0.947368421052632 0.947368421052632
"387" 1 0.952631578947368 0.952631578947368
"388" 1 0.922459893048128 0.922459893048128
"389" 0.866 0.956164383561644 0.876712328767123
"390" 1 0.991847826086957 0.991847826086957
"391" 1 0.975409836065574 0.975409836065574
"392" 1 0.972299168975069 0.972299168975069
"393" 1 0.991825613079019 0.991825613079019
"394" 1 0.905882352941176 0.905882352941176
"395" 1 0.908587257617729 0.908587257617729
"396" 0.957 0.880102040816326 0.862244897959184
"397" 1 0.966573816155989 0.966573816155989
"398" 1 0.839779005524862 0.839779005524862
"399" 0.967 0.988888888888889 0.983333333333333
"400" 1 0.939473684210526 0.939473684210526
"401" 1 0.944927536231884 0.944927536231884
"402" 1 0.966573816155989 0.966573816155989
"403" 1 1 1
"404" 1 0.973262032085562 0.973262032085562
"405" 1 0.984939759036145 0.984939759036145
"406" 1 0.945355191256831 0.945355191256831
"407" 1 0.986449864498645 0.986449864498645
"408" 1 0.921348314606742 0.921348314606742
"409" 1 0.997333333333333 0.997333333333333
"410" 1 0.962209302325581 0.962209302325581
"411" 1 0.926509186351706 0.926509186351706
"412" 1 0.909090909090909 0.909090909090909
"413" 1 0.963483146067416 0.963483146067416
"414" 1 0.918848167539267 0.918848167539267
"415" 1 0.909090909090909 0.909090909090909
"416" 1 0.975069252077562 0.975069252077562
"417" 1 0.989189189189189 0.989189189189189
"418" 1 0.977715877437326 0.977715877437326
"419" 1 0.932352941176471 0.932352941176471
"420" 1 0.988059701492537 0.988059701492537
"421" 1 0.986559139784946 0.986559139784946
"422" 1 0.994490358126722 0.994490358126722
"423" 1 0.973684210526316 0.973684210526316
"424" 1 0.938172043010753 0.938172043010753
"425" 1 0.882506527415144 0.882506527415144
"426" 1 0.98992443324937 0.98992443324937
"427" 1 0.939226519337017 0.939226519337017
"428" 0.885 0.963585434173669 0.890756302521008
"429" 1 0.923076923076923 0.923076923076923
"430" 0.829 0.948402948402948 0.842751842751843
"431" 1 0.980874316939891 0.980874316939891
"432" 0.979 1 0.988919667590028
"433" 1 0.989189189189189 0.989189189189189
"434" 1 0.948051948051948 0.948051948051948
"435" 1 0.997150997150997 0.997150997150997
"436" 1 0.960227272727273 0.960227272727273
"437" 0.878 0.978723404255319 0.920212765957447
"438" 1 0.986033519553073 0.986033519553073
"439" 1 0.983827493261456 0.983827493261456
"440" 1 0.981081081081081 0.981081081081081
"441" 0.941 0.997183098591549 0.977464788732394
"442" 1 0.905013192612137 0.905013192612137
"443" 1 0.994550408719346 0.994550408719346
"444" 1 0.975206611570248 0.975206611570248
"445" 1 0.974424552429668 0.974424552429668
"446" 1 0.997134670487106 0.997134670487106
"447" 1 0.997442455242967 0.997442455242967
"448" 1 0.986449864498645 0.986449864498645
"449" 1 0.954666666666667 0.954666666666667
"450" 1 0.97752808988764 0.97752808988764
"451" 1 0.951530612244898 0.951530612244898
"452" 1 0.96 0.96
"453" 1 0.966292134831461 0.966292134831461
"454" 0.978 0.912568306010929 0.89344262295082
"455" 1 0.920844327176781 0.920844327176781
"456" 0.904 0.994366197183099 0.96056338028169
"457" 1 0.954177897574124 0.954177897574124
"458" 1 0.997282608695652 0.997282608695652
"459" 1 0.997297297297297 0.997297297297297
"460" 0.89 0.944444444444444 0.896825396825397
"461" 1 0.841225626740947 0.841225626740947
"462" 1 0.970822281167109 0.970822281167109
"463" 0.759 0.92156862745098 0.823529411764706
"464" 1 0.955555555555556 0.955555555555556
"465" 1 0.99238578680203 0.99238578680203
"466" 1 0.895261845386534 0.895261845386534
"467" 1 0.997252747252747 0.997252747252747
"468" 0.886 0.98300283286119 0.946175637393768
"469" 1 0.955497382198953 0.955497382198953
"470" 1 0.997435897435897 0.997435897435897
"471" 1 0.965014577259475 0.965014577259475
"472" 1 0.814917127071823 0.814917127071823
"473" 1 0.997191011235955 0.997191011235955
"474" 1 0.965417867435158 0.965417867435158
"475" 0.985 0.994805194805195 0.992207792207792
"476" 1 0.955431754874652 0.955431754874652
"477" 1 0.883522727272727 0.883522727272727
"478" 1 0.986072423398329 0.986072423398329
"479" 1 0.937984496124031 0.937984496124031
"480" 1 0.945355191256831 0.945355191256831
"481" 1 0.962864721485411 0.962864721485411
"482" 1 0.966233766233766 0.966233766233766
"483" 1 0.96056338028169 0.96056338028169
"484" 1 0.965968586387435 0.965968586387435
"485" 1 0.956043956043956 0.956043956043956
"486" 1 0.997282608695652 0.997282608695652
"487" 1 0.952112676056338 0.952112676056338
"488" 1 0.915300546448087 0.915300546448087
"489" 1 0.963254593175853 0.963254593175853
"490" 1 0.985632183908046 0.985632183908046
"491" 1 0.989528795811518 0.989528795811518
"492" 0.952 0.955613577023499 0.934725848563969
"493" 1 0.93573264781491 0.93573264781491
"494" 1 1 1
"495" 0.72 0.956772334293948 0.835734870317003
"496" 1 0.994805194805195 0.994805194805195
"497" 1 0.972704714640198 0.972704714640198
"498" 1 0.954545454545455 0.954545454545455
"499" 1 0.983739837398374 0.983739837398374
"500" 1 1 1
"501" 1 0.884297520661157 0.884297520661157
"502" 1 0.928381962864722 0.928381962864722
"503" 1 0.997333333333333 0.997333333333333
"504" 1 0.919689119170985 0.919689119170985
"505" 1 0.989159891598916 0.989159891598916
"506" 1 0.994350282485876 0.994350282485876
"507" 1 0.976923076923077 0.976923076923077
"508" 1 0.972826086956522 0.972826086956522
"509" 1 1 1
"510" 1 0.931034482758621 0.931034482758621
"511" 1 0.933155080213904 0.933155080213904
"512" 1 0.875949367088608 0.875949367088608
"513" 1 0.98469387755102 0.98469387755102
"514" 1 0.978609625668449 0.978609625668449
"515" 1 0.983870967741935 0.983870967741935
"516" 1 0.948148148148148 0.948148148148148
"517" 1 0.983695652173913 0.983695652173913
"518" 1 0.997448979591837 0.997448979591837
"519" 1 0.913649025069638 0.913649025069638
"520" 1 0.880829015544041 0.880829015544041
"521" 1 0.974489795918367 0.974489795918367
"522" 1 0.955678670360111 0.955678670360111
"523" 1 0.982857142857143 0.982857142857143
"524" 1 0.936231884057971 0.936231884057971
"525" 1 0.876315789473684 0.876315789473684
"526" 1 0.956873315363881 0.956873315363881
"527" 1 0.95 0.95
"528" 1 0.994987468671679 0.994987468671679
"529" 1 0.992207792207792 0.992207792207792
"530" 1 0.969187675070028 0.969187675070028
"531" 1 0.997289972899729 0.997289972899729
"532" 1 0.951008645533141 0.951008645533141
"533" 1 0.972451790633609 0.972451790633609
"534" 1 0.973451327433628 0.973451327433628
"535" 1 0.943152454780362 0.943152454780362
"536" 1 0.977401129943503 0.977401129943503
"537" 0.746 0.955112219451372 0.835411471321696
"538" 1 0.935656836461126 0.935656836461126
"539" 1 0.914772727272727 0.914772727272727
"540" 1 0.916897506925208 0.916897506925208
"541" 1 0.997368421052632 0.997368421052632
"542" 1 0.876056338028169 0.876056338028169
"543" 1 0.966233766233766 0.966233766233766
"544" 1 0.970588235294118 0.970588235294118
"545" 1 0.994736842105263 0.994736842105263
"546" 1 0.983914209115281 0.983914209115281
"547" 1 0.940054495912807 0.940054495912807
"548" 1 0.970108695652174 0.970108695652174
"549" 1 0.928571428571429 0.928571428571429
"550" 1 0.952755905511811 0.952755905511811
"551" 1 0.935656836461126 0.935656836461126
"552" 1 0.927272727272727 0.927272727272727
"553" 1 0.981029810298103 0.981029810298103
"554" 1 0.983333333333333 0.983333333333333
"555" 1 0.986301369863014 0.986301369863014
"556" 1 0.951566951566952 0.951566951566952
"557" 1 0.986111111111111 0.986111111111111
"558" 1 0.956772334293948 0.956772334293948
"559" 1 0.96524064171123 0.96524064171123
"560" 1 0.960893854748603 0.960893854748603
"561" 1 0.965714285714286 0.965714285714286
"562" 1 0.994764397905759 0.994764397905759
"563" 1 0.978201634877384 0.978201634877384
"564" 1 0.817919075144509 0.817919075144509
"565" 1 0.946015424164524 0.946015424164524
"566" 1 0.983957219251337 0.983957219251337
"567" 1 0.946380697050938 0.946380697050938
"568" 1 0.946949602122016 0.946949602122016
"569" 1 0.997198879551821 0.997198879551821
"570" 1 1 1
"571" 1 1 1
"572" 1 0.997354497354497 0.997354497354497
"573" 1 0.976253298153034 0.976253298153034
"574" 1 0.985074626865672 0.985074626865672
"575" 1 0.970149253731343 0.970149253731343
"576" 1 0.973404255319149 0.973404255319149
"577" 0.816 0.92817679558011 0.861878453038674
"578" 1 0.961111111111111 0.961111111111111
"579" 1 0.932011331444759 0.932011331444759
"580" 1 0.99746835443038 0.99746835443038
"581" 1 0.908396946564885 0.908396946564885
"582" 1 0.960835509138381 0.960835509138381
"583" 1 0.972677595628415 0.972677595628415
"584" 1 0.959785522788204 0.959785522788204
"585" 1 1 1
"586" 1 0.883248730964467 0.883248730964467
"587" 1 0.915300546448087 0.915300546448087
"588" 0.905 0.905913978494624 0.865591397849462
"589" 1 0.986737400530504 0.986737400530504
"590" 1 0.986413043478261 0.986413043478261
"591" 1 0.910364145658263 0.910364145658263
"592" 1 0.946022727272727 0.946022727272727
"593" 1 0.966480446927374 0.966480446927374
"594" 1 0.966850828729282 0.966850828729282
"595" 1 0.994764397905759 0.994764397905759
"596" 1 0.808510638297872 0.808510638297872
"597" 1 0.975069252077562 0.975069252077562
"598" 1 0.921409214092141 0.921409214092141
"599" 1 0.924932975871314 0.924932975871314
"600" 1 0.898305084745763 0.898305084745763
"601" 1 0.994750656167979 0.994750656167979
"602" 1 0.978891820580475 0.978891820580475
"603" 1 0.992 0.992
"604" 1 0.987113402061856 0.987113402061856
"605" 1 0.94488188976378 0.94488188976378
"606" 1 0.96 0.96
"607" 1 0.945945945945946 0.945945945945946
"608" 0.909 0.961218836565097 0.911357340720222
"609" 1 0.904632152588556 0.904632152588556
"610" 1 0.870317002881844 0.870317002881844
"611" 1 0.881720430107527 0.881720430107527
"612" 1 0.911357340720222 0.911357340720222
"613" 1 0.912928759894459 0.912928759894459
"614" 0.94 0.945736434108527 0.914728682170543
"615" 1 0.961852861035422 0.961852861035422
"616" 1 0.922005571030641 0.922005571030641
"617" 1 0.994987468671679 0.994987468671679
"618" 1 0.991596638655462 0.991596638655462
"619" 1 0.991304347826087 0.991304347826087
"620" 1 0.989130434782609 0.989130434782609
"621" 1 0.997175141242938 0.997175141242938
"622" 1 0.947630922693267 0.947630922693267
"623" 1 0.83013698630137 0.83013698630137
"624" 1 0.966386554621849 0.966386554621849
"625" 1 0.989690721649485 0.989690721649485
"626" 1 0.991620111731844 0.991620111731844
"627" 1 0.975274725274725 0.975274725274725
"628" 1 0.986449864498645 0.986449864498645
"629" 1 0.962264150943396 0.962264150943396
"630" 1 1 1
"631" 1 0.963855421686747 0.963855421686747
"632" 1 0.938028169014084 0.938028169014084
"633" 1 0.965811965811966 0.965811965811966
"634" 0.931 0.986413043478261 0.959239130434783
"635" 1 0.951428571428571 0.951428571428571
"636" 1 0.933510638297872 0.933510638297872
"637" 1 0.909326424870466 0.909326424870466
"638" 1 0.906976744186046 0.906976744186046
"639" 1 0.984334203655353 0.984334203655353
"640" 1 0.976190476190476 0.976190476190476
"641" 1 0.991913746630728 0.991913746630728
"642" 1 0.958677685950413 0.958677685950413
"643" 1 0.93972602739726 0.93972602739726
"644" 0.851 0.940700808625337 0.878706199460916
"645" 1 0.96505376344086 0.96505376344086
"646" 1 0.953804347826087 0.953804347826087
"647" 1 1 1
"648" 1 0.965789473684211 0.965789473684211
"649" 1 0.989795918367347 0.989795918367347
"650" 1 0.943152454780362 0.943152454780362
"651" 1 1 1
"652" 1 0.958563535911602 0.958563535911602
"653" 1 0.95 0.95
"654" 1 0.982097186700767 0.982097186700767
"655" 1 0.921832884097035 0.921832884097035
"656" 1 0.962264150943396 0.962264150943396
"657" 1 0.954285714285714 0.954285714285714
"658" 1 0.986225895316804 0.986225895316804
"659" 1 0.997304582210243 0.997304582210243
"660" 1 0.947945205479452 0.947945205479452
"661" 1 0.986979166666667 0.986979166666667
"662" 1 0.97752808988764 0.97752808988764
"663" 0.88 0.908616187989556 0.869451697127937
"664" 1 0.978142076502732 0.978142076502732
"665" 1 0.992555831265509 0.992555831265509
"666" 1 0.994565217391304 0.994565217391304
"667" 1 0.96927374301676 0.96927374301676
"668" 1 0.927461139896373 0.927461139896373
"669" 1 0.988980716253444 0.988980716253444
"670" 1 0.967654986522911 0.967654986522911
"671" 1 0.986910994764398 0.986910994764398
"672" 1 0.943977591036415 0.943977591036415
"673" 1 0.997340425531915 0.997340425531915
"674" 1 0.885026737967914 0.885026737967914
"675" 1 0.990740740740741 0.990740740740741
"676" 1 0.967213114754098 0.967213114754098
"677" 0.99 0.886740331491713 0.878453038674033
"678" 0.918 0.956743002544529 0.913486005089059
"679" 1 0.983098591549296 0.983098591549296
"680" 1 0.997058823529412 0.997058823529412
"681" 1 0.997512437810945 0.997512437810945
"682" 1 0.932352941176471 0.932352941176471
"683" 1 0.994413407821229 0.994413407821229
"684" 1 0.991329479768786 0.991329479768786
"685" 1 0.902077151335312 0.902077151335312
"686" 1 0.963888888888889 0.963888888888889
"687" 1 0.935897435897436 0.935897435897436
"688" 1 0.971751412429379 0.971751412429379
"689" 1 0.926430517711172 0.926430517711172
"690" 1 0.984455958549223 0.984455958549223
"691" 1 0.997229916897507 0.997229916897507
"692" 1 0.950904392764858 0.950904392764858
"693" 1 0.947368421052632 0.947368421052632
"694" 1 0.852777777777778 0.852777777777778
"695" 1 0.936111111111111 0.936111111111111
"696" 1 0.991869918699187 0.991869918699187
"697" 1 0.979002624671916 0.979002624671916
"698" 1 0.957264957264957 0.957264957264957
"699" 1 0.96195652173913 0.96195652173913
"700" 1 0.971938775510204 0.971938775510204
"701" 1 0.919480519480519 0.919480519480519
"702" 1 0.952777777777778 0.952777777777778
"703" 1 0.933862433862434 0.933862433862434
"704" 0.914 0.931818181818182 0.898989898989899
"705" 1 0.928767123287671 0.928767123287671
"706" 1 0.975 0.975
"707" 1 0.93956043956044 0.93956043956044
"708" 1 0.986033519553073 0.986033519553073
"709" 1 0.997252747252747 0.997252747252747
"710" 1 0.979487179487179 0.979487179487179
"711" 1 0.989100817438692 0.989100817438692
"712" 1 0.928571428571429 0.928571428571429
"713" 1 0.984 0.984
"714" 1 0.837142857142857 0.837142857142857
"715" 1 0.974093264248705 0.974093264248705
"716" 1 0.818435754189944 0.818435754189944
"717" 1 0.894308943089431 0.894308943089431
"718" 1 0.970189701897019 0.970189701897019
"719" 1 0.958656330749354 0.958656330749354
"720" 1 0.848 0.848
"721" 1 0.923076923076923 0.923076923076923
"722" 1 0.991620111731844 0.991620111731844
"723" 1 0.9328165374677 0.9328165374677
"724" 1 0.932291666666667 0.932291666666667
"725" 1 0.956647398843931 0.956647398843931
"726" 1 0.950777202072539 0.950777202072539
"727" 1 0.981029810298103 0.981029810298103
"728" 0.886 1 0.958904109589041
"729" 1 0.862258953168044 0.862258953168044
"730" 0.742 0.942307692307692 0.821428571428571
"731" 1 0.98567335243553 0.98567335243553
"732" 1 0.975274725274725 0.975274725274725
"733" 1 0.989071038251366 0.989071038251366
"734" 1 0.981530343007916 0.981530343007916
"735" 1 0.970189701897019 0.970189701897019
"736" 1 0.897790055248619 0.897790055248619
"737" 1 0.997175141242938 0.997175141242938
"738" 0.804 0.997368421052632 0.863157894736842
"739" 1 0.965260545905707 0.965260545905707
"740" 1 0.96875 0.96875
"741" 1 0.989304812834225 0.989304812834225
"742" 1 0.980716253443526 0.980716253443526
"743" 0.943 0.974431818181818 0.960227272727273
"744" NA NA NA
"745" 1 0.979228486646884 0.979228486646884
"746" 1 1 1
"747" 1 0.927325581395349 0.927325581395349
"748" 1 0.869444444444444 0.869444444444444
"749" 1 0.997340425531915 0.997340425531915
"750" 1 0.987179487179487 0.987179487179487
"751" 1 0.744186046511628 0.744186046511628
"752" 1 0.963730569948187 0.963730569948187
"753" 1 0.994897959183674 0.994897959183674
"754" 1 0.928753180661578 0.928753180661578
"755" 1 0.946091644204852 0.946091644204852
"756" 1 0.973821989528796 0.973821989528796
"757" 0.967 0.97911227154047 0.963446475195822
"758" 1 0.994565217391304 0.994565217391304
"759" 1 0.915068493150685 0.915068493150685
"760" 1 0.96505376344086 0.96505376344086
"761" 0.899 0.99238578680203 0.939086294416244
"762" 1 0.965968586387435 0.965968586387435
"763" 1 0.991780821917808 0.991780821917808
"764" 1 0.952755905511811 0.952755905511811
"765" 1 1 1
"766" 1 0.859042553191489 0.859042553191489
"767" 1 0.938502673796791 0.938502673796791
"768" 1 0.907821229050279 0.907821229050279
"769" 1 0.945402298850575 0.945402298850575
"770" 1 0.954301075268817 0.954301075268817
"771" 1 0.908333333333333 0.908333333333333
"772" 1 0.948979591836735 0.948979591836735
"773" 1 0.948019801980198 0.948019801980198
"774" NA NA NA
"775" 0.805 0.997032640949555 0.922848664688427
"776" 1 0.954054054054054 0.954054054054054
"777" 1 0.861111111111111 0.861111111111111
"778" 1 0.997126436781609 0.997126436781609
"779" 1 0.971279373368146 0.971279373368146
"780" 1 0.986979166666667 0.986979166666667
"781" 1 0.948424068767908 0.948424068767908
"782" 1 0.983914209115281 0.983914209115281
"783" 1 0.96816976127321 0.96816976127321
"784" 1 0.962566844919786 0.962566844919786
"785" 1 1 1
"786" 1 0.966759002770083 0.966759002770083
"787" 1 0.979220779220779 0.979220779220779
"788" 1 0.979539641943734 0.979539641943734
"789" 1 0.97027027027027 0.97027027027027
"790" 1 0.907042253521127 0.907042253521127
"791" 1 0.96045197740113 0.96045197740113
"792" 1 0.96100278551532 0.96100278551532
"793" 1 0.957746478873239 0.957746478873239
"794" 1 0.933155080213904 0.933155080213904
"795" 1 0.983193277310924 0.983193277310924
"796" 1 0.985795454545455 0.985795454545455
"797" 0.998 0.919444444444444 0.919444444444444
"798" 1 0.955263157894737 0.955263157894737
"799" 1 0.991643454038997 0.991643454038997
"800" 1 0.96986301369863 0.96986301369863
"801" 1 0.997142857142857 0.997142857142857
"802" 1 0.964577656675749 0.964577656675749
"803" 1 0.994884910485934 0.994884910485934
"804" 1 0.918367346938776 0.918367346938776
"805" 1 0.949868073878628 0.949868073878628
"806" 1 0.986702127659574 0.986702127659574
"807" 1 0.947513812154696 0.947513812154696
"808" 1 0.957104557640751 0.957104557640751
"809" 1 0.994652406417112 0.994652406417112
"810" 1 0.989159891598916 0.989159891598916
"811" 1 0.98921832884097 0.98921832884097
"812" 1 0.981770833333333 0.981770833333333
"813" 0.778 0.942643391521197 0.837905236907731
"814" 1 0.97554347826087 0.97554347826087
"815" 1 0.985835694050991 0.985835694050991
"816" 1 0.984210526315789 0.984210526315789
"817" 1 1 1
"818" 1 0.987080103359173 0.987080103359173
"819" 1 0.965699208443272 0.965699208443272
"820" 1 0.854285714285714 0.854285714285714
"821" 1 0.906976744186046 0.906976744186046
"822" 1 0.974576271186441 0.974576271186441
"823" 1 0.951086956521739 0.951086956521739
"824" 1 0.950131233595801 0.950131233595801
"825" 1 0.892351274787535 0.892351274787535
"826" 1 0.91025641025641 0.91025641025641
"827" 1 0.98921832884097 0.98921832884097
"828" 1 0.940677966101695 0.940677966101695
"829" 1 0.862637362637363 0.862637362637363
"830" 1 0.916666666666667 0.916666666666667
"831" 1 0.924119241192412 0.924119241192412
"832" NA NA NA
"833" 1 0.997416020671835 0.997416020671835
"834" 1 0.913513513513514 0.913513513513514
"835" 1 0.95822454308094 0.95822454308094
"836" 1 0.958115183246073 0.958115183246073
"837" 1 0.991978609625668 0.991978609625668
"838" 1 1 1
"839" 1 0.994490358126722 0.994490358126722
"840" 1 1 1
"841" 1 0.951530612244898 0.951530612244898
"842" 1 0.972677595628415 0.972677595628415
"843" 1 0.922437673130194 0.922437673130194
"844" 1 0.974789915966387 0.974789915966387
"845" 1 0.96042216358839 0.96042216358839
"846" 1 0.87292817679558 0.87292817679558
"847" 1 0.957816377171216 0.957816377171216
"848" 1 0.912181303116147 0.912181303116147
"849" 1 0.983425414364641 0.983425414364641
"850" 1 0.981481481481482 0.981481481481482
"851" 1 0.924731182795699 0.924731182795699
"852" 1 0.950581395348837 0.950581395348837
"853" 1 0.971204188481675 0.971204188481675
"854" 1 0.9366391184573 0.9366391184573
"855" 0.713 0.991957104557641 0.855227882037534
"856" 1 0.917333333333333 0.917333333333333
"857" 1 0.950391644908616 0.950391644908616
"858" 1 0.953168044077135 0.953168044077135
"859" 1 0.975342465753425 0.975342465753425
"860" 1 0.991549295774648 0.991549295774648
"861" 1 0.994565217391304 0.994565217391304
"862" 1 0.997237569060773 0.997237569060773
"863" 1 0.989821882951654 0.989821882951654
"864" 1 0.994444444444444 0.994444444444444
"865" 1 0.943548387096774 0.943548387096774
"866" 1 0.773841961852861 0.773841961852861
"867" 1 0.942148760330578 0.942148760330578
"868" 1 0.936986301369863 0.936986301369863
"869" 1 0.96448087431694 0.96448087431694
"870" 1 0.829479768786127 0.829479768786127
"871" 1 0.997206703910615 0.997206703910615
"872" 1 0.976119402985075 0.976119402985075
"873" 1 0.82183908045977 0.82183908045977
"874" 1 0.967741935483871 0.967741935483871
"875" 0.914 0.932352941176471 0.897058823529412
"876" 1 0.978082191780822 0.978082191780822
"877" 0.735 0.966850828729282 0.801104972375691
"878" 1 0.976945244956772 0.976945244956772
"879" 1 0.967391304347826 0.967391304347826
"880" 1 0.947368421052632 0.947368421052632
"881" 1 0.970976253298153 0.970976253298153
"882" 1 0.960835509138381 0.960835509138381
"883" 1 0.948228882833787 0.948228882833787
"884" 1 0.97554347826087 0.97554347826087
"885" 1 0.978779840848806 0.978779840848806
"886" 1 0.994805194805195 0.994805194805195
"887" 1 0.913888888888889 0.913888888888889
"888" 1 0.953216374269006 0.953216374269006
"889" 1 0.923913043478261 0.923913043478261
"890" 1 0.847769028871391 0.847769028871391
"891" 1 0.918079096045198 0.918079096045198
"892" 0.859 0.931216931216931 0.867724867724868
"893" 1 0.991913746630728 0.991913746630728
"894" 1 0.872972972972973 0.872972972972973
"895" 1 0.963350785340314 0.963350785340314
"896" 1 0.99438202247191 0.99438202247191
"897" 1 0.994565217391304 0.994565217391304
"898" 1 0.935574229691877 0.935574229691877
"899" 1 0.957983193277311 0.957983193277311
"900" 1 0.981382978723404 0.981382978723404
"901" 1 0.986595174262735 0.986595174262735
"902" 1 0.958448753462604 0.958448753462604
"903" 1 0.953125 0.953125
"904" 1 0.99468085106383 0.99468085106383
"905" 1 0.973684210526316 0.973684210526316
"906" 1 0.952513966480447 0.952513966480447
"907" 0.822 0.883289124668435 0.80106100795756
"908" 1 0.969613259668508 0.969613259668508
"909" 0.972 0.986149584487535 0.975069252077562
"910" 1 0.948453608247423 0.948453608247423
"911" 1 0.944 0.944
"912" 1 0.900269541778976 0.900269541778976
"913" 1 1 1
"914" 1 0.95771144278607 0.95771144278607
"915" 1 0.964769647696477 0.964769647696477
"916" 1 0.913746630727763 0.913746630727763
"917" 1 0.949602122015915 0.949602122015915
"918" 1 0.984293193717278 0.984293193717278
"919" 1 0.972299168975069 0.972299168975069
"920" 1 0.900552486187845 0.900552486187845
"921" 1 0.925414364640884 0.925414364640884
"922" 1 0.951219512195122 0.951219512195122
"923" 1 0.987146529562982 0.987146529562982
"924" 1 0.973333333333333 0.973333333333333
"925" 1 0.967914438502674 0.967914438502674
"926" 1 0.963157894736842 0.963157894736842
"927" 1 0.975476839237057 0.975476839237057
"928" 1 0.967391304347826 0.967391304347826
"929" 1 0.934383202099738 0.934383202099738
"930" 1 0.912596401028278 0.912596401028278
"931" 0.846 0.954081632653061 0.897959183673469
"932" 1 0.98921832884097 0.98921832884097
"933" 1 0.976811594202899 0.976811594202899
"934" 1 0.968253968253968 0.968253968253968
"935" 1 0.977777777777778 0.977777777777778
"936" 1 0.927461139896373 0.927461139896373
"937" 1 0.952247191011236 0.952247191011236
"938" 1 0.933333333333333 0.933333333333333
"939" 1 0.964959568733154 0.964959568733154
"940" 0.872 0.955431754874652 0.88857938718663
"941" 1 0.913888888888889 0.913888888888889
"942" 1 0.973333333333333 0.973333333333333
"943" 1 0.958656330749354 0.958656330749354
"944" 1 0.913705583756345 0.913705583756345
"945" 1 0.99171270718232 0.99171270718232
"946" 1 0.979220779220779 0.979220779220779
"947" 1 0.972299168975069 0.972299168975069
"948" 1 1 1
"949" 0.988 0.961139896373057 0.961139896373057
"950" 1 1 1
"951" 1 0.947674418604651 0.947674418604651
"952" 1 0.946524064171123 0.946524064171123
"953" 1 0.983651226158038 0.983651226158038
"954" 0.82 0.897297297297297 0.824324324324324
"955" 1 0.994609164420485 0.994609164420485
"956" 1 0.967567567567568 0.967567567567568
"957" 1 0.992268041237113 0.992268041237113
"958" 1 0.957983193277311 0.957983193277311
"959" 1 0.891891891891892 0.891891891891892
"960" 1 0.94475138121547 0.94475138121547
"961" 1 0.888020833333333 0.888020833333333
"962" 1 0.948863636363636 0.948863636363636
"963" 1 0.978723404255319 0.978723404255319
"964" 1 0.934426229508197 0.934426229508197
"965" 1 0.983914209115281 0.983914209115281
"966" 1 0.938666666666667 0.938666666666667
"967" 1 0.991666666666667 0.991666666666667
"968" 1 0.901685393258427 0.901685393258427
"969" 1 0.938829787234043 0.938829787234043
"970" 1 0.997326203208556 0.997326203208556
"971" 1 0.830508474576271 0.830508474576271
"972" 1 0.951086956521739 0.951086956521739
"973" 1 0.942257217847769 0.942257217847769
"974" 1 0.970744680851064 0.970744680851064
"975" 1 0.982456140350877 0.982456140350877
"976" 1 0.965317919075145 0.965317919075145
"977" 1 0.991957104557641 0.991957104557641
"978" 0.886 0.950248756218905 0.895522388059702
"979" 1 0.941176470588235 0.941176470588235
"980" 1 0.976439790575916 0.976439790575916
"981" 1 0.936986301369863 0.936986301369863
"982" 1 0.981578947368421 0.981578947368421
"983" 1 0.875354107648725 0.875354107648725
"984" 1 0.913746630727763 0.913746630727763
"985" 1 0.955263157894737 0.955263157894737
"986" 1 0.957983193277311 0.957983193277311
"987" 1 0.959183673469388 0.959183673469388
"988" 1 1 1
"989" 1 0.930167597765363 0.930167597765363
"990" 1 0.931318681318681 0.931318681318681
"991" 1 0.980609418282548 0.980609418282548
"992" 1 0.882978723404255 0.882978723404255
"993" 1 0.976377952755906 0.976377952755906
"994" 1 0.958217270194986 0.958217270194986
"995" 1 0.98050139275766 0.98050139275766
"996" 1 0.939226519337017 0.939226519337017
"997" 1 0.975 0.975
"998" 1 0.986945169712794 0.986945169712794
"999" 1 0.97554347826087 0.97554347826087
"1000" 1 0.988857938718663 0.988857938718663
