"V1" "V2" "V3"
"1" 1 0.979434126885205 0.979434126885205
"2" 1 0.993271028037383 0.993271028037383
"3" NA NA NA
"4" 1 0.995373843460865 0.995373843460865
"5" 1 0.998993837253176 0.998993837253176
"6" 1 0.990403788634098 0.990403788634098
"7" 1 0.996378621378621 0.996378621378621
"8" 1 0.987836990595611 0.987836990595611
"9" 1 0.962228635964362 0.962228635964362
"10" 1 0.980350702648924 0.980350702648924
"11" 1 0.983958570165467 0.983958570165467
"12" 1 0.991204925241865 0.991204925241865
"13" 1 0.992351097178683 0.992351097178683
"14" 1 0.987142678816627 0.987142678816627
"15" 1 0.988141793869055 0.988141793869055
"16" 1 0.987600200400802 0.987600200400802
"17" 1 0.999124343257443 0.999124343257443
"18" 1 0.997157335310839 0.997157335310839
"19" 1 0.997133599202393 0.997133599202393
"20" 1 0.994204359329722 0.994204359329722
"21" 1 0.997254461500062 0.997254461500062
"22" 1 0.986973947895792 0.986973947895792
"23" 1 0.991957778336265 0.991957778336265
"24" 1 0.994755244755245 0.994755244755245
"25" 1 0.997744926083688 0.997744926083688
"26" 1 0.997887936389614 0.997887936389614
"27" 1 0.999255675474507 0.999255675474507
"28" NA NA NA
"29" 1 0.993189697870233 0.993189697870233
"30" 1 0.980232703615664 0.980232703615664
"31" 1 0.989116992332426 0.989116992332426
"32" 1 0.994152774321971 0.994152774321971
"33" 1 0.992465151324878 0.992465151324878
"34" NA NA NA
"35" 1 0.999623965906242 0.999623965906242
"36" 1 0.990107688454796 0.990107688454796
"37" 1 0.99837925445705 0.99837925445705
"38" 1 0.998509872097355 0.998509872097355
"39" 1 0.988350244269072 0.988350244269072
"40" 1 0.980487198608004 0.980487198608004
"41" 1 0.985737520330289 0.985737520330289
"42" 1 0.992138757174944 0.992138757174944
"43" 1 0.985314250155569 0.985314250155569
"44" 1 0.994889055098479 0.994889055098479
"45" 1 0.987651241112636 0.987651241112636
"46" 1 0.980379905023744 0.980379905023744
"47" 1 0.98175456135966 0.98175456135966
"48" 1 0.967794486215539 0.967794486215539
"49" 1 0.976647311285029 0.976647311285029
"50" 1 0.987592430129089 0.987592430129089
"51" 1 0.979109331998999 0.979109331998999
"52" 1 0.999626587005228 0.999626587005228
"53" 1 0.968058662689535 0.968058662689535
"54" 1 0.99014593987776 0.99014593987776
"55" NA NA NA
"56" 1 0.99602286850609 0.99602286850609
"57" 1 0.977741448692153 0.977741448692153
"58" 1 0.987107272499687 0.987107272499687
"59" 1 0.96212402525065 0.96212402525065
"60" 1 0.968609304652326 0.968609304652326
"61" 1 0.982721923125078 0.982721923125078
"62" 1 0.979498011928429 0.979498011928429
"63" 1 0.982980853460143 0.982980853460143
"64" 1 0.978244371363521 0.978244371363521
"65" 1 0.996386743084974 0.996386743084974
"66" 1 0.983588213353226 0.983588213353226
"67" 1 0.98806860551827 0.98806860551827
"68" 1 0.981407536810581 0.981407536810581
"69" 1 0.967733835530446 0.967733835530446
"70" 1 0.993542669030134 0.993542669030134
"71" 1 0.994093993465695 0.994093993465695
"72" 1 0.979599452668242 0.979599452668242
"73" 1 0.989984977466199 0.989984977466199
"74" 1 0.989636658758896 0.989636658758896
"75" 1 0.977466199298948 0.977466199298948
"76" 1 0.994622311155578 0.994622311155578
"77" 1 0.983294146764014 0.983294146764014
"78" 1 0.975015693659761 0.975015693659761
"79" NA NA NA
"80" 1 0.990230460921844 0.990230460921844
"81" NA NA NA
"82" 1 0.990510675490074 0.990510675490074
"83" 1 0.997505612372163 0.997505612372163
"84" NA NA NA
"85" 1 0.990722414646215 0.990722414646215
"86" 1 0.998496805712138 0.998496805712138
"87" 1 0.999749937484371 0.999749937484371
"88" 1 0.978947368421053 0.978947368421053
"89" 1 0.988015642740003 0.988015642740003
"90" 1 0.990110165247872 0.990110165247872
"91" NA NA NA
"92" 1 0.996119178768152 0.996119178768152
"93" 1 0.977786144578313 0.977786144578313
"94" 1 0.989685597116938 0.989685597116938
"95" 1 0.983864962144719 0.983864962144719
"96" 1 0.998995353509984 0.998995353509984
"97" 1 0.993850401606426 0.993850401606426
"98" 1 0.976752905886764 0.976752905886764
"99" NA NA NA
"100" 1 0.990388216202721 0.990388216202721
"101" 1 0.978325489224672 0.978325489224672
"102" 1 0.999123356293049 0.999123356293049
"103" NA NA NA
"104" 1 0.991117878441822 0.991117878441822
"105" 1 0.994020181886134 0.994020181886134
"106" 1 0.997872340425532 0.997872340425532
"107" 1 0.984404477424223 0.984404477424223
"108" 1 0.995736142463005 0.995736142463005
"109" 1 0.998258706467662 0.998258706467662
"110" 1 0.998502994011976 0.998502994011976
"111" 1 0.994969186265878 0.994969186265878
"112" 1 0.988178198108512 0.988178198108512
"113" 1 0.997768133911965 0.997768133911965
"114" 1 0.998367039316669 0.998367039316669
"115" 1 0.994377108584281 0.994377108584281
"116" 1 0.987230846269404 0.987230846269404
"117" 1 0.997230962869729 0.997230962869729
"118" NA NA NA
"119" 1 0.977914418371188 0.977914418371188
"120" NA NA NA
"121" 1 0.988603631809643 0.988603631809643
"122" 1 0.99533828902608 0.99533828902608
"123" NA NA NA
"124" 1 0.996983787859746 0.996983787859746
"125" 1 0.99724379854673 0.99724379854673
"126" 1 0.998751092793805 0.998751092793805
"127" 1 0.975470053542523 0.975470053542523
"128" 1 0.987061926893606 0.987061926893606
"129" 1 0.987894671159366 0.987894671159366
"130" 1 0.996114314364502 0.996114314364502
"131" 1 0.992738199574308 0.992738199574308
"132" 1 0.994 0.994
"133" 1 0.996375906023494 0.996375906023494
"134" 1 0.988597920060143 0.988597920060143
"135" 1 0.99974921630094 0.99974921630094
"136" 1 0.97430111570766 0.97430111570766
"137" 1 0.99863064857463 0.99863064857463
"138" 1 0.983891108891109 0.983891108891109
"139" 1 0.998242751349316 0.998242751349316
"140" NA NA NA
"141" 1 0.989614614614615 0.989614614614615
"142" NA NA NA
"143" 1 0.990536277602524 0.990536277602524
"144" 1 0.976504586003267 0.976504586003267
"145" 1 0.98111801242236 0.98111801242236
"146" 1 0.973463512329453 0.973463512329453
"147" 1 0.996257951852314 0.996257951852314
"148" 1 0.998251093066833 0.998251093066833
"149" 1 0.997758685095256 0.997758685095256
"150" 1 0.994920084252261 0.994920084252261
"151" 1 0.986306485746297 0.986306485746297
"152" NA NA NA
"153" 1 0.989704959196485 0.989704959196485
"154" 1 0.995755305867665 0.995755305867665
"155" 1 0.989275470756952 0.989275470756952
"156" 1 0.988034401096847 0.988034401096847
"157" 1 0.98700974269298 0.98700974269298
"158" 1 0.996897878148654 0.996897878148654
"159" 1 0.991218165851211 0.991218165851211
"160" 1 0.995710861612211 0.995710861612211
"161" 1 1 1
"162" 1 0.993252530301137 0.993252530301137
"163" 1 0.957983193277311 0.957983193277311
"164" 1 0.979184952978056 0.979184952978056
"165" 1 0.993567540821376 0.993567540821376
"166" 1 0.99949924887331 0.99949924887331
"167" 1 0.995635366005736 0.995635366005736
"168" 1 0.986684917869587 0.986684917869587
"169" 1 0.982371591629677 0.982371591629677
"170" 1 0.995373264974365 0.995373264974365
"171" 1 0.990895485158394 0.990895485158394
"172" 1 0.996118206862008 0.996118206862008
"173" 1 0.991884130353352 0.991884130353352
"174" 1 0.992094861660079 0.992094861660079
"175" 1 0.996476657858311 0.996476657858311
"176" 1 0.999132697311362 0.999132697311362
"177" 1 0.994195583596215 0.994195583596215
"178" 1 0.982432095689011 0.982432095689011
"179" 1 0.98088933300025 0.98088933300025
"180" 1 0.996140438247012 0.996140438247012
"181" 1 1 1
"182" 1 0.98745609633718 0.98745609633718
"183" 1 0.997746055597295 0.997746055597295
"184" 1 0.984877126654064 0.984877126654064
"185" 1 0.998873309964947 0.998873309964947
"186" 1 0.995132909022838 0.995132909022838
"187" 1 0.989785624211854 0.989785624211854
"188" 1 0.984903306300686 0.984903306300686
"189" 1 0.968601451088316 0.968601451088316
"190" 1 0.999251963595562 0.999251963595562
"191" 1 0.987437185929648 0.987437185929648
"192" 1 0.984586466165414 0.984586466165414
"193" 1 0.988062670977369 0.988062670977369
"194" 1 0.996211642884202 0.996211642884202
"195" 1 0.999874874874875 0.999874874874875
"196" NA NA NA
"197" 1 0.995781637717122 0.995781637717122
"198" 1 0.984772212433929 0.984772212433929
"199" 1 0.99837357687977 0.99837357687977
"200" NA NA NA
"201" 1 0.983356275810287 0.983356275810287
"202" 1 0.99248496993988 0.99248496993988
"203" 1 0.996246715876392 0.996246715876392
"204" 1 0.992612996118693 0.992612996118693
"205" 1 0.980670906596833 0.980670906596833
"206" 1 0.992642474123956 0.992642474123956
"207" 1 0.98995983935743 0.98995983935743
"208" 1 0.995757953836556 0.995757953836556
"209" 1 0.997994233421086 0.997994233421086
"210" 1 0.988858287431147 0.988858287431147
"211" 1 0.973293020912068 0.973293020912068
"212" 1 0.98067511607479 0.98067511607479
"213" 1 0.985514485514486 0.985514485514486
"214" 1 0.978517587939698 0.978517587939698
"215" 1 0.997504055909148 0.997504055909148
"216" 1 0.98845236600979 0.98845236600979
"217" 1 0.996234467177106 0.996234467177106
"218" 1 0.982978723404255 0.982978723404255
"219" 1 0.984818067754078 0.984818067754078
"220" 1 0.977703039362232 0.977703039362232
"221" NA NA NA
"222" 1 0.991444388525415 0.991444388525415
"223" 1 0.991003373734849 0.991003373734849
"224" 1 0.995757424507113 0.995757424507113
"225" 1 0.998612862547289 0.998612862547289
"226" 1 0.973371671458932 0.973371671458932
"227" NA NA NA
"228" 1 0.996499562445306 0.996499562445306
"229" 1 0.993289424630297 0.993289424630297
"230" 1 0.982163044843613 0.982163044843613
"231" 1 0.99329275866352 0.99329275866352
"232" 1 0.989598997493734 0.989598997493734
"233" 1 0.995839112343967 0.995839112343967
"234" 1 0.999250655676283 0.999250655676283
"235" 1 0.992007992007992 0.992007992007992
"236" 1 0.992540096978739 0.992540096978739
"237" 1 0.997128230740417 0.997128230740417
"238" 1 0.96654599925103 0.96654599925103
"239" 1 0.97869407193884 0.97869407193884
"240" 1 0.990437158469945 0.990437158469945
"241" 1 0.984800904408994 0.984800904408994
"242" 1 0.996849798387097 0.996849798387097
"243" 1 0.972909450766947 0.972909450766947
"244" 1 0.995208674820325 0.995208674820325
"245" 1 0.988535825545171 0.988535825545171
"246" 1 0.981502312210974 0.981502312210974
"247" 1 0.984210526315789 0.984210526315789
"248" 1 0.987492182614134 0.987492182614134
"249" 1 0.988520089842775 0.988520089842775
"250" 1 0.966803943591664 0.966803943591664
"251" 1 0.984111097210059 0.984111097210059
"252" 1 0.997130738522954 0.997130738522954
"253" 1 0.970434782608696 0.970434782608696
"254" NA NA NA
"255" 1 0.994154955851262 0.994154955851262
"256" 1 0.988653555219365 0.988653555219365
"257" 1 0.997512437810945 0.997512437810945
"258" 1 0.983963918817339 0.983963918817339
"259" 1 0.992118103340423 0.992118103340423
"260" 1 0.989336344247899 0.989336344247899
"261" 1 0.975187032418953 0.975187032418953
"262" 1 0.989168326693227 0.989168326693227
"263" 1 0.977011494252874 0.977011494252874
"264" NA NA NA
"265" 1 0.985042464190645 0.985042464190645
"266" 1 0.993482892593057 0.993482892593057
"267" 1 0.994867300951427 0.994867300951427
"268" 1 0.990152081775118 0.990152081775118
"269" NA NA NA
"270" 1 0.984681064791562 0.984681064791562
"271" 1 0.983466933867735 0.983466933867735
"272" 1 0.998112257739743 0.998112257739743
"273" 1 0.998625343664084 0.998625343664084
"274" 1 0.973848069738481 0.973848069738481
"275" 1 0.999500935745477 0.999500935745477
"276" 1 1 1
"277" 1 0.989608113183924 0.989608113183924
"278" 1 0.995599698265024 0.995599698265024
"279" 1 0.992125984251969 0.992125984251969
"280" 1 0.996127420362274 0.996127420362274
"281" 1 0.967359798361689 0.967359798361689
"282" 1 0.973281485198194 0.973281485198194
"283" 1 0.98017839444995 0.98017839444995
"284" NA NA NA
"285" 1 0.985762457849382 0.985762457849382
"286" 1 0.976418021596128 0.976418021596128
"287" 1 0.999624530663329 0.999624530663329
"288" 1 0.991452991452991 0.991452991452991
"289" 1 0.993514592167623 0.993514592167623
"290" 1 0.998493786870842 0.998493786870842
"291" 1 0.988411214953271 0.988411214953271
"292" NA NA NA
"293" 1 0.998359000252461 0.998359000252461
"294" 1 0.98405524168236 0.98405524168236
"295" NA NA NA
"296" 1 0.982000993048659 0.982000993048659
"297" NA NA NA
"298" 1 0.991340361445783 0.991340361445783
"299" 1 0.989707543617422 0.989707543617422
"300" 1 0.988087774294671 0.988087774294671
"301" 1 0.998873873873874 0.998873873873874
"302" 1 0.973615432482887 0.973615432482887
"303" 1 0.977241465549581 0.977241465549581
"304" 1 0.986804071886389 0.986804071886389
"305" 1 0.983347831489996 0.983347831489996
"306" 1 0.999371780374419 0.999371780374419
"307" 1 0.997616060225847 0.997616060225847
"308" 1 0.988570710876664 0.988570710876664
"309" 1 0.979064811332581 0.979064811332581
"310" 1 0.999622878692646 0.999622878692646
"311" 1 0.99635357726644 0.99635357726644
"312" 1 0.963188658127099 0.963188658127099
"313" 1 0.992971639950678 0.992971639950678
"314" 1 0.979686520376176 0.979686520376176
"315" 1 0.965304839723444 0.965304839723444
"316" 1 0.997246213543623 0.997246213543623
"317" 1 0.973759840059978 0.973759840059978
"318" 1 0.986013986013986 0.986013986013986
"319" 1 0.997630627260257 0.997630627260257
"320" 1 0.993346723575195 0.993346723575195
"321" 1 0.979417234965902 0.979417234965902
"322" 1 0.990756932300774 0.990756932300774
"323" 1 0.989175582127124 0.989175582127124
"324" 1 0.999498495486459 0.999498495486459
"325" 1 0.994163177261769 0.994163177261769
"326" NA NA NA
"327" 1 0.984105131414268 0.984105131414268
"328" 1 0.991725330369273 0.991725330369273
"329" 1 0.992339570513626 0.992339570513626
"330" 1 0.985959244532803 0.985959244532803
"331" 1 0.989982469321312 0.989982469321312
"332" 1 0.992184592482322 0.992184592482322
"333" 1 0.997998749218261 0.997998749218261
"334" 1 0.980120030007502 0.980120030007502
"335" NA NA NA
"336" 1 0.9795 0.9795
"337" 1 0.998756373585375 0.998756373585375
"338" 1 0.996736128546322 0.996736128546322
"339" 1 0.9777472184023 0.9777472184023
"340" 1 0.99156013404493 0.99156013404493
"341" 1 0.986993496748374 0.986993496748374
"342" 1 0.98685692827638 0.98685692827638
"343" 1 0.996523466600447 0.996523466600447
"344" 1 0.998745609633718 0.998745609633718
"345" 1 0.992213989702374 0.992213989702374
"346" 1 0.977301228994231 0.977301228994231
"347" 1 0.985878530367408 0.985878530367408
"348" NA NA NA
"349" 1 0.994602736287185 0.994602736287185
"350" NA NA NA
"351" 1 0.988347324896629 0.988347324896629
"352" 1 0.997869674185464 0.997869674185464
"353" 1 0.976551724137931 0.976551724137931
"354" 1 0.979203207216237 0.979203207216237
"355" 1 0.993511355128525 0.993511355128525
"356" 1 0.981463173504696 0.981463173504696
"357" 1 0.993124140517565 0.993124140517565
"358" 1 0.994498624656164 0.994498624656164
"359" 1 0.990234857849197 0.990234857849197
"360" 1 0.993412875963211 0.993412875963211
"361" 1 0.982814851981937 0.982814851981937
"362" 1 0.985777218376337 0.985777218376337
"363" 1 0.997022701898028 0.997022701898028
"364" 1 0.992715398141171 0.992715398141171
"365" 1 0.997994233421086 0.997994233421086
"366" 1 0.976843159344098 0.976843159344098
"367" NA NA NA
"368" 1 0.997238955823293 0.997238955823293
"369" 1 0.997865662272442 0.997865662272442
"370" 1 0.974232038588474 0.974232038588474
"371" NA NA NA
"372" 1 0.980491512541171 0.980491512541171
"373" 1 0.980389692017599 0.980389692017599
"374" 1 0.974763799104923 0.974763799104923
"375" 1 0.995886312640239 0.995886312640239
"376" 1 0.988050784167289 0.988050784167289
"377" 1 0.953456451210382 0.953456451210382
"378" 1 0.985707121364092 0.985707121364092
"379" 1 0.989325631043577 0.989325631043577
"380" 1 0.982760774515928 0.982760774515928
"381" 1 0.982903834066625 0.982903834066625
"382" 1 0.999749279177636 0.999749279177636
"383" 1 0.998124062031016 0.998124062031016
"384" 1 0.999497613664908 0.999497613664908
"385" 1 0.979331683168317 0.979331683168317
"386" 1 0.98142144638404 0.98142144638404
"387" 1 0.9932785660941 0.9932785660941
"388" 1 0.975667581731969 0.975667581731969
"389" 1 0.985981308411215 0.985981308411215
"390" 1 0.98293897882939 0.98293897882939
"391" 1 0.987897691827823 0.987897691827823
"392" 1 0.972942643391521 0.972942643391521
"393" 1 0.993113809941154 0.993113809941154
"394" 1 0.97129778547569 0.97129778547569
"395" 1 0.979216226367848 0.979216226367848
"396" 1 0.997500624843789 0.997500624843789
"397" NA NA NA
"398" 1 0.99750499001996 0.99750499001996
"399" NA NA NA
"400" 1 0.991830065359477 0.991830065359477
"401" 1 0.984384759525297 0.984384759525297
"402" 1 0.987945818317385 0.987945818317385
"403" 1 0.984613460095071 0.984613460095071
"404" 1 0.988372093023256 0.988372093023256
"405" 1 0.986705129813119 0.986705129813119
"406" 1 0.999875311720698 0.999875311720698
"407" 1 0.986621655413853 0.986621655413853
"408" 1 0.981518481518482 0.981518481518482
"409" 1 0.995865697820095 0.995865697820095
"410" 1 0.991692498450093 0.991692498450093
"411" 1 0.985771342985522 0.985771342985522
"412" NA NA NA
"413" 1 0.998494353826851 0.998494353826851
"414" 1 0.992809323084552 0.992809323084552
"415" 1 0.995627186406797 0.995627186406797
"416" 1 0.990029910269192 0.990029910269192
"417" 1 0.986436037829766 0.986436037829766
"418" 1 0.993422685529908 0.993422685529908
"419" NA NA NA
"420" 1 0.981286404758954 0.981286404758954
"421" NA NA NA
"422" NA NA NA
"423" NA NA NA
"424" 1 0.979328489100476 0.979328489100476
"425" 1 0.988875 0.988875
"426" 1 0.999495140729522 0.999495140729522
"427" 1 0.97215253386854 0.97215253386854
"428" 1 0.999629492404594 0.999629492404594
"429" 1 0.999499374217772 0.999499374217772
"430" 1 0.994633720204667 0.994633720204667
"431" 1 0.998870056497175 0.998870056497175
"432" 1 0.998260437375746 0.998260437375746
"433" NA NA NA
"434" 1 0.994156409300012 0.994156409300012
"435" 1 0.984190215361633 0.984190215361633
"436" 1 0.988177587724814 0.988177587724814
"437" 1 0.995515136414601 0.995515136414601
"438" 1 0.996645962732919 0.996645962732919
"439" 1 0.958173017252079 0.958173017252079
"440" 1 0.991719984945427 0.991719984945427
"441" 1 0.976650765754456 0.976650765754456
"442" NA NA NA
"443" 1 0.993341708542714 0.993341708542714
"444" 1 0.987672955974843 0.987672955974843
"445" 1 0.980983360440385 0.980983360440385
"446" 1 0.999750561237216 0.999750561237216
"447" 1 0.995263026676639 0.995263026676639
"448" 1 0.990131168019987 0.990131168019987
"449" 1 0.998997995991984 0.998997995991984
"450" 1 0.993849629722606 0.993849629722606
"451" 1 0.976916321666039 0.976916321666039
"452" 1 0.998259572352064 0.998259572352064
"453" 1 0.972922385824807 0.972922385824807
"454" 1 0.994239919859755 0.994239919859755
"455" 1 0.990799452940445 0.990799452940445
"456" 1 0.98425 0.98425
"457" 1 0.993029624097585 0.993029624097585
"458" 1 0.987575301204819 0.987575301204819
"459" 1 0.993385748159241 0.993385748159241
"460" 1 0.977945731631768 0.977945731631768
"461" 1 0.981453821259647 0.981453821259647
"462" 1 0.990198542347323 0.990198542347323
"463" NA NA NA
"464" 1 0.99039780521262 0.99039780521262
"465" 1 0.974330218068536 0.974330218068536
"466" 1 0.997245868803205 0.997245868803205
"467" 1 0.976872109013627 0.976872109013627
"468" 1 0.9865571321882 0.9865571321882
"469" 1 0.993304699343103 0.993304699343103
"470" 1 0.967571644042232 0.967571644042232
"471" 1 0.99054961452375 0.99054961452375
"472" 1 0.997043606799704 0.997043606799704
"473" 1 0.988032909498878 0.988032909498878
"474" 1 0.973027223685861 0.973027223685861
"475" 1 0.989375 0.989375
"476" 1 0.996506550218341 0.996506550218341
"477" 1 0.982576228998133 0.982576228998133
"478" 1 0.992222779729052 0.992222779729052
"479" 1 0.987731597396094 0.987731597396094
"480" 1 0.973040752351097 0.973040752351097
"481" 1 0.995014955134596 0.995014955134596
"482" 1 0.994626343414146 0.994626343414146
"483" 1 0.995984439703852 0.995984439703852
"484" NA NA NA
"485" 1 0.978917165668663 0.978917165668663
"486" 1 0.984322087043773 0.984322087043773
"487" 1 0.98491135420596 0.98491135420596
"488" 1 0.991358797745773 0.991358797745773
"489" 1 0.998248467408983 0.998248467408983
"490" 1 0.982320717131474 0.982320717131474
"491" 1 0.982859272140107 0.982859272140107
"492" 1 0.998513931888545 0.998513931888545
"493" 1 0.991034740381024 0.991034740381024
"494" 1 0.986843753915549 0.986843753915549
"495" 1 0.992337646024369 0.992337646024369
"496" 1 0.994326062287227 0.994326062287227
"497" 1 0.989992494370778 0.989992494370778
"498" 1 0.99974921630094 0.99974921630094
"499" 1 0.97718488966463 0.97718488966463
"500" NA NA NA
"501" 1 0.986215538847118 0.986215538847118
"502" 1 0.985649546827795 0.985649546827795
"503" 1 0.985005040322581 0.985005040322581
"504" 1 0.996988329777889 0.996988329777889
"505" 1 0.9895 0.9895
"506" 1 0.992994746059545 0.992994746059545
"507" 1 0.992886559341071 0.992886559341071
"508" 1 0.995891434262948 0.995891434262948
"509" 1 0.996652615918671 0.996652615918671
"510" 1 0.997512128374176 0.997512128374176
"511" 1 0.988868042526579 0.988868042526579
"512" 1 0.985378655336166 0.985378655336166
"513" 1 0.977580160320641 0.977580160320641
"514" 1 0.98849993681284 0.98849993681284
"515" 1 0.998878504672897 0.998878504672897
"516" 1 0.996863630661147 0.996863630661147
"517" 1 0.994595274007039 0.994595274007039
"518" 1 0.970606629143214 0.970606629143214
"519" 1 0.97024256064016 0.97024256064016
"520" 1 0.995146839223494 0.995146839223494
"521" 1 0.997991211550534 0.997991211550534
"522" 1 0.999372962126913 0.999372962126913
"523" 1 0.992274143302181 0.992274143302181
"524" 1 0.988602204408818 0.988602204408818
"525" 1 0.998004738745479 0.998004738745479
"526" 1 0.996619506698385 0.996619506698385
"527" 1 0.992721796963232 0.992721796963232
"528" 1 0.990806311343024 0.990806311343024
"529" 1 0.983499181257085 0.983499181257085
"530" 1 0.990236575291025 0.990236575291025
"531" 1 0.990775367738719 0.990775367738719
"532" 1 0.992377858303136 0.992377858303136
"533" 1 0.988471177944862 0.988471177944862
"534" 1 0.997632398753894 0.997632398753894
"535" 1 0.990560178859769 0.990560178859769
"536" 1 0.991021324354658 0.991021324354658
"537" NA NA NA
"538" 1 0.984455309013414 0.984455309013414
"539" 1 0.999502858563261 0.999502858563261
"540" 1 0.96787901512311 0.96787901512311
"541" 1 0.986520219670494 0.986520219670494
"542" 1 0.998241868642471 0.998241868642471
"543" 1 0.98274792106243 0.98274792106243
"544" NA NA NA
"545" 1 0.999626447515876 0.999626447515876
"546" 1 0.978728697599204 0.978728697599204
"547" 1 0.991098294884654 0.991098294884654
"548" 1 0.992484028560692 0.992484028560692
"549" 1 0.999123246492986 0.999123246492986
"550" 1 0.982082018927445 0.982082018927445
"551" 1 0.974579439252336 0.974579439252336
"552" 1 0.98901236109377 0.98901236109377
"553" 1 0.99812710700462 0.99812710700462
"554" 1 0.996133216914058 0.996133216914058
"555" 1 0.979393031097789 0.979393031097789
"556" 1 0.98975591248261 0.98975591248261
"557" 1 0.993529924101033 0.993529924101033
"558" 1 0.999371464487744 0.999371464487744
"559" 1 0.999752137811377 0.999752137811377
"560" 1 0.998871756299361 0.998871756299361
"561" 1 0.971830985915493 0.971830985915493
"562" NA NA NA
"563" 1 0.997121041431969 0.997121041431969
"564" 1 0.988830321285141 0.988830321285141
"565" 1 0.988783649052841 0.988783649052841
"566" 1 0.973918495297806 0.973918495297806
"567" 1 0.978736710444028 0.978736710444028
"568" 1 0.982453941596691 0.982453941596691
"569" 1 0.995127436281859 0.995127436281859
"570" 1 0.996116261588574 0.996116261588574
"571" 1 0.998124062031016 0.998124062031016
"572" 1 0.965525824517735 0.965525824517735
"573" 1 0.993219487694626 0.993219487694626
"574" 1 0.967645594823295 0.967645594823295
"575" 1 0.980817140009965 0.980817140009965
"576" 1 0.98051539912005 0.98051539912005
"577" 1 0.9959979989995 0.9959979989995
"578" 1 0.992914853946551 0.992914853946551
"579" 1 0.989378982881419 0.989378982881419
"580" NA NA NA
"581" 1 0.997989949748744 0.997989949748744
"582" 1 0.985098923115452 0.985098923115452
"583" 1 0.996378169102036 0.996378169102036
"584" 1 0.990141020841133 0.990141020841133
"585" 1 0.999624624624625 0.999624624624625
"586" 1 0.98786741713571 0.98786741713571
"587" 1 0.986265451367212 0.986265451367212
"588" 1 0.99774464352838 0.99774464352838
"589" 1 0.990622227854518 0.990622227854518
"590" 1 0.995659722222222 0.995659722222222
"591" 1 0.986758276077452 0.986758276077452
"592" 1 0.983724451173353 0.983724451173353
"593" 1 0.991489361702128 0.991489361702128
"594" 1 0.981564524165421 0.981564524165421
"595" 1 0.97724129259399 0.97724129259399
"596" 1 0.991996998874578 0.991996998874578
"597" 1 0.980025125628141 0.980025125628141
"598" 1 0.989282153539382 0.989282153539382
"599" 1 0.99500998003992 0.99500998003992
"600" 1 0.985481852315394 0.985481852315394
"601" 1 0.98940281760379 0.98940281760379
"602" 1 0.998742612850497 0.998742612850497
"603" 1 0.991719984945427 0.991719984945427
"604" NA NA NA
"605" 1 0.998623279098874 0.998623279098874
"606" 1 0.99697656840514 0.99697656840514
"607" 1 0.970900462095666 0.970900462095666
"608" 1 0.992612996118693 0.992612996118693
"609" 1 0.997521378113769 0.997521378113769
"610" 1 0.995238095238095 0.995238095238095
"611" 1 0.987253186703324 0.987253186703324
"612" NA NA NA
"613" 1 0.992566460879425 0.992566460879425
"614" NA NA NA
"615" 1 0.999875280618608 0.999875280618608
"616" 1 0.969768894440974 0.969768894440974
"617" 1 0.990110165247872 0.990110165247872
"618" 1 0.9976151625455 0.9976151625455
"619" 1 0.980201718341427 0.980201718341427
"620" NA NA NA
"621" 1 0.978608956717538 0.978608956717538
"622" 1 0.972590738423029 0.972590738423029
"623" 1 0.965219567121231 0.965219567121231
"624" 1 0.993225442228077 0.993225442228077
"625" 1 0.981214232396118 0.981214232396118
"626" 1 0.984025957818545 0.984025957818545
"627" NA NA NA
"628" 1 0.978670325558189 0.978670325558189
"629" 1 0.983036048397156 0.983036048397156
"630" 1 0.997873936968484 0.997873936968484
"631" 1 0.994730899510726 0.994730899510726
"632" 1 0.979197994987469 0.979197994987469
"633" 1 0.993078278379059 0.993078278379059
"634" 1 0.994398107805303 0.994398107805303
"635" 1 0.996538081107814 0.996538081107814
"636" 1 0.990510675490074 0.990510675490074
"637" 1 0.996787347090078 0.996787347090078
"638" 1 0.996769383697813 0.996769383697813
"639" 1 0.993061687902107 0.993061687902107
"640" 1 0.973291925465839 0.973291925465839
"641" 1 0.96647557328016 0.96647557328016
"642" 1 0.976495460763587 0.976495460763587
"643" 1 0.987649653434152 0.987649653434152
"644" 1 0.986347695390782 0.986347695390782
"645" 1 0.989320750031044 0.989320750031044
"646" 1 0.991765439800374 0.991765439800374
"647" 1 0.997385458167331 0.997385458167331
"648" 1 0.99095639246779 0.99095639246779
"649" 1 0.999123026810323 0.999123026810323
"650" 1 0.976776299271906 0.976776299271906
"651" 1 0.977428607058237 0.977428607058237
"652" 1 0.976640159045726 0.976640159045726
"653" 1 0.989359038557837 0.989359038557837
"654" 1 0.985016856036958 0.985016856036958
"655" 1 0.989146706586826 0.989146706586826
"656" NA NA NA
"657" 1 0.96797598198649 0.96797598198649
"658" 1 0.980843871290848 0.980843871290848
"659" 1 0.983602453373388 0.983602453373388
"660" 1 0.995658645497395 0.995658645497395
"661" NA NA NA
"662" 1 0.992454728370221 0.992454728370221
"663" 1 0.964437234839032 0.964437234839032
"664" 1 0.989811133200795 0.989811133200795
"665" 1 0.991962828079869 0.991962828079869
"666" 1 0.987252475247525 0.987252475247525
"667" NA NA NA
"668" 1 0.998739919354839 0.998739919354839
"669" 1 0.985203761755486 0.985203761755486
"670" 1 0.986407282703579 0.986407282703579
"671" 1 1 1
"672" 1 0.997877122877123 0.997877122877123
"673" 1 0.995235109717868 0.995235109717868
"674" 1 0.983040279336576 0.983040279336576
"675" 1 0.983093299937383 0.983093299937383
"676" 1 0.995504495504495 0.995504495504495
"677" 1 0.995275394753202 0.995275394753202
"678" 1 0.995607980926089 0.995607980926089
"679" 1 0.995821197923262 0.995821197923262
"680" 1 0.991961818638533 0.991961818638533
"681" 1 0.98565190268247 0.98565190268247
"682" 1 0.995011846863699 0.995011846863699
"683" 1 0.987476518472135 0.987476518472135
"684" NA NA NA
"685" 1 0.984772840738892 0.984772840738892
"686" 1 0.989377655586103 0.989377655586103
"687" 1 0.997743229689067 0.997743229689067
"688" 1 0.97550866616428 0.97550866616428
"689" 1 0.995256522281862 0.995256522281862
"690" 1 0.992732740258113 0.992732740258113
"691" 1 0.990758323838461 0.990758323838461
"692" 1 0.997007481296758 0.997007481296758
"693" 1 0.998743086978381 0.998743086978381
"694" 1 0.996742262874327 0.996742262874327
"695" 1 0.99121375674658 0.99121375674658
"696" 1 0.974200855776491 0.974200855776491
"697" 1 0.994961582063232 0.994961582063232
"698" 1 0.980157244477724 0.980157244477724
"699" NA NA NA
"700" 1 0.983767459418649 0.983767459418649
"701" NA NA NA
"702" 1 0.98830923947203 0.98830923947203
"703" 1 0.985981308411215 0.985981308411215
"704" 1 0.999003115264797 0.999003115264797
"705" 1 0.99950458261085 0.99950458261085
"706" 1 0.99478519990067 0.99478519990067
"707" 1 0.996519577377253 0.996519577377253
"708" 1 0.996634675308488 0.996634675308488
"709" 1 0.985483870967742 0.985483870967742
"710" 1 0.973086940344785 0.973086940344785
"711" 1 0.990579072980781 0.990579072980781
"712" 1 0.998098377281947 0.998098377281947
"713" 1 0.989585947302384 0.989585947302384
"714" 1 0.987444057682745 0.987444057682745
"715" 1 0.975212819228843 0.975212819228843
"716" 1 0.980266465560583 0.980266465560583
"717" NA NA NA
"718" 1 0.993060812515771 0.993060812515771
"719" 1 0.996759720837488 0.996759720837488
"720" 1 0.98150905931993 0.98150905931993
"721" 1 0.994846008799497 0.994846008799497
"722" NA NA NA
"723" 1 0.978231123274039 0.978231123274039
"724" 1 0.994127936031984 0.994127936031984
"725" 1 0.987977727157682 0.987977727157682
"726" NA NA NA
"727" 1 0.985411645312698 0.985411645312698
"728" 1 0.983848754225617 0.983848754225617
"729" 1 0.990091559011664 0.990091559011664
"730" 1 0.995257114328507 0.995257114328507
"731" 1 0.982362439448516 0.982362439448516
"732" 1 0.981797780825334 0.981797780825334
"733" 1 0.974336613927993 0.974336613927993
"734" 1 0.979507684618268 0.979507684618268
"735" 1 0.993927376378733 0.993927376378733
"736" 1 0.975037257824143 0.975037257824143
"737" 1 0.996739811912226 0.996739811912226
"738" 1 0.993115533859056 0.993115533859056
"739" NA NA NA
"740" 1 0.992016963951603 0.992016963951603
"741" 1 0.986896293523025 0.986896293523025
"742" 1 0.971510325951729 0.971510325951729
"743" 1 0.986287708800798 0.986287708800798
"744" 1 0.999752964426877 0.999752964426877
"745" 1 0.969674279296144 0.969674279296144
"746" 1 0.978610286844708 0.978610286844708
"747" 1 0.981647940074906 0.981647940074906
"748" 1 0.984506693108577 0.984506693108577
"749" 1 0.974158578091516 0.974158578091516
"750" 1 0.977122140267533 0.977122140267533
"751" NA NA NA
"752" NA NA NA
"753" 1 0.983354192740926 0.983354192740926
"754" 1 0.986535799672833 0.986535799672833
"755" 1 0.998390690765041 0.998390690765041
"756" 1 0.991628139447707 0.991628139447707
"757" 1 0.983705189270494 0.983705189270494
"758" 1 0.994467496542185 0.994467496542185
"759" 1 0.978691588785047 0.978691588785047
"760" 1 0.978977844914401 0.978977844914401
"761" 1 0.991003373734849 0.991003373734849
"762" 1 0.990800252047889 0.990800252047889
"763" 1 0.986819199204178 0.986819199204178
"764" NA NA NA
"765" 1 0.999374765537076 0.999374765537076
"766" NA NA NA
"767" 1 0.981957148227039 0.981957148227039
"768" 1 0.964093581884149 0.964093581884149
"769" 1 0.974352558488678 0.974352558488678
"770" 1 0.989241931448586 0.989241931448586
"771" 1 0.977727727727728 0.977727727727728
"772" 1 0.988862470279064 0.988862470279064
"773" 1 0.992311507936508 0.992311507936508
"774" 1 0.996746746746747 0.996746746746747
"775" 1 0.999372804816859 0.999372804816859
"776" 1 0.976020981641064 0.976020981641064
"777" 1 0.992527089301283 0.992527089301283
"778" 1 0.998871473354232 0.998871473354232
"779" 1 0.981987577639752 0.981987577639752
"780" 1 0.991108328115216 0.991108328115216
"781" 1 0.984269662921348 0.984269662921348
"782" 1 0.998751404669747 0.998751404669747
"783" 1 0.978455335769182 0.978455335769182
"784" 1 0.99799699549324 0.99799699549324
"785" 1 0.98808785209083 0.98808785209083
"786" 1 0.989247311827957 0.989247311827957
"787" NA NA NA
"788" 1 0.980886945658963 0.980886945658963
"789" 1 0.987929318068691 0.987929318068691
"790" 1 0.999750840911922 0.999750840911922
"791" 1 0.984270794010318 0.984270794010318
"792" 1 0.995773772529521 0.995773772529521
"793" 1 0.989165628891656 0.989165628891656
"794" 1 0.997480791031616 0.997480791031616
"795" 1 0.979354354354354 0.979354354354354
"796" 1 0.982445061884314 0.982445061884314
"797" 1 0.9799451918286 0.9799451918286
"798" 1 0.993132725683606 0.993132725683606
"799" 1 0.992879450343535 0.992879450343535
"800" 1 0.971528471528472 0.971528471528472
"801" 1 0.988979336255479 0.988979336255479
"802" 1 0.967406293092641 0.967406293092641
"803" 1 0.979591836734694 0.979591836734694
"804" NA NA NA
"805" 1 0.990155244225672 0.990155244225672
"806" NA NA NA
"807" 1 0.992046725487759 0.992046725487759
"808" NA NA NA
"809" 1 0.982793017456359 0.982793017456359
"810" 1 0.99740099009901 0.99740099009901
"811" 1 0.990779965113382 0.990779965113382
"812" 1 0.990230460921844 0.990230460921844
"813" 1 0.985518102372035 0.985518102372035
"814" 1 0.968522698771006 0.968522698771006
"815" 1 0.998749061796347 0.998749061796347
"816" 1 0.991778774289985 0.991778774289985
"817" 1 0.979782852864096 0.979782852864096
"818" 1 0.986330309432086 0.986330309432086
"819" 1 0.996521306994658 0.996521306994658
"820" 1 0.999252522735767 0.999252522735767
"821" 1 0.993871169480926 0.993871169480926
"822" 1 0.986666666666667 0.986666666666667
"823" 1 0.983430196611846 0.983430196611846
"824" 1 0.98725 0.98725
"825" 1 0.996745525097008 0.996745525097008
"826" 1 0.980728319359279 0.980728319359279
"827" 1 1 1
"828" 1 0.976502937132858 0.976502937132858
"829" 1 0.997997246213544 0.997997246213544
"830" NA NA NA
"831" 1 0.991522254083032 0.991522254083032
"832" 1 0.998016856717898 0.998016856717898
"833" 1 0.991 0.991
"834" 1 0.992818445256394 0.992818445256394
"835" 1 0.998240764011058 0.998240764011058
"836" 1 0.983719474013776 0.983719474013776
"837" 1 0.987340185510153 0.987340185510153
"838" 1 0.997872340425532 0.997872340425532
"839" 1 0.985903083700441 0.985903083700441
"840" 1 0.997628557164254 0.997628557164254
"841" 1 0.986166500498505 0.986166500498505
"842" 1 0.978835978835979 0.978835978835979
"843" 1 0.992699811202014 0.992699811202014
"844" 1 0.99060268136825 0.99060268136825
"845" 1 0.997117794486216 0.997117794486216
"846" 1 0.992346298619824 0.992346298619824
"847" 1 0.983775080505326 0.983775080505326
"848" 1 0.994848599070235 0.994848599070235
"849" 1 0.969470404984424 0.969470404984424
"850" 1 0.973437113911539 0.973437113911539
"851" 1 0.979796712260008 0.979796712260008
"852" 1 0.99102356314674 0.99102356314674
"853" 1 0.997378604418924 0.997378604418924
"854" 1 0.99002493765586 0.99002493765586
"855" 1 0.973148495066817 0.973148495066817
"856" 1 0.998749531074153 0.998749531074153
"857" 1 0.979340385812072 0.979340385812072
"858" 1 0.98634427461789 0.98634427461789
"859" 1 0.977145696186809 0.977145696186809
"860" 1 0.994131601947809 0.994131601947809
"861" 1 0.985404191616767 0.985404191616767
"862" 1 0.998625515431713 0.998625515431713
"863" 1 0.998620862587763 0.998620862587763
"864" 1 0.992618541223571 0.992618541223571
"865" 1 0.980414312617702 0.980414312617702
"866" 1 0.994767659150367 0.994767659150367
"867" 1 0.985449071751129 0.985449071751129
"868" 1 0.98667496886675 0.98667496886675
"869" NA NA NA
"870" 1 0.996631736526946 0.996631736526946
"871" 1 0.973262032085562 0.973262032085562
"872" 1 0.971607254534084 0.971607254534084
"873" 1 0.989516230895541 0.989516230895541
"874" 1 0.980112570356473 0.980112570356473
"875" 1 0.979692917285785 0.979692917285785
"876" 1 0.983122362869198 0.983122362869198
"877" 1 0.995505617977528 0.995505617977528
"878" 1 0.995883233532934 0.995883233532934
"879" 1 0.991739674593242 0.991739674593242
"880" 1 0.992622233337502 0.992622233337502
"881" 1 0.974820596751857 0.974820596751857
"882" 1 0.972841051314143 0.972841051314143
"883" 1 0.980632262901412 0.980632262901412
"884" NA NA NA
"885" 1 0.996249531191399 0.996249531191399
"886" 1 0.986653235960715 0.986653235960715
"887" 1 0.99863184079602 0.99863184079602
"888" 1 0.992353973426924 0.992353973426924
"889" 1 0.982216656230432 0.982216656230432
"890" 1 0.971198013656114 0.971198013656114
"891" 1 0.995137157107232 0.995137157107232
"892" 1 0.991572327044025 0.991572327044025
"893" 1 0.98002233527733 0.98002233527733
"894" 1 0.986145781328008 0.986145781328008
"895" 1 0.99630314232902 0.99630314232902
"896" 1 0.991503186305136 0.991503186305136
"897" 1 0.992388320439231 0.992388320439231
"898" 1 0.989874042973574 0.989874042973574
"899" 1 0.996501312007997 0.996501312007997
"900" 1 0.987204968944099 0.987204968944099
"901" 1 0.991211550533584 0.991211550533584
"902" 1 0.994880759145961 0.994880759145961
"903" 1 0.990360540811217 0.990360540811217
"904" 1 0.986413385331488 0.986413385331488
"905" 1 0.995735607675906 0.995735607675906
"906" 1 0.987234042553191 0.987234042553191
"907" 1 0.982196215139442 0.982196215139442
"908" 1 0.980367637864199 0.980367637864199
"909" 1 0.97227426002248 0.97227426002248
"910" 1 0.9928963110668 0.9928963110668
"911" 1 0.988637782494693 0.988637782494693
"912" 1 0.994726930320151 0.994726930320151
"913" 1 0.994379215588309 0.994379215588309
"914" NA NA NA
"915" 1 0.969731223310726 0.969731223310726
"916" 1 0.999003860042336 0.999003860042336
"917" 1 0.979171894604768 0.979171894604768
"918" 1 0.971834527851125 0.971834527851125
"919" 1 0.985938480853735 0.985938480853735
"920" 1 0.984557907845579 0.984557907845579
"921" 1 0.974539954625662 0.974539954625662
"922" 1 0.994598668508981 0.994598668508981
"923" 1 0.989239239239239 0.989239239239239
"924" 1 0.98279542885847 0.98279542885847
"925" 1 0.997768133911965 0.997768133911965
"926" 1 0.993483709273183 0.993483709273183
"927" 1 0.97071024512885 0.97071024512885
"928" 1 0.994901131700037 0.994901131700037
"929" 1 0.998390092879257 0.998390092879257
"930" 1 0.996115774965543 0.996115774965543
"931" 1 0.989373671708964 0.989373671708964
"932" 1 0.986054040592703 0.986054040592703
"933" 1 0.990378608021992 0.990378608021992
"934" 1 0.988160518444666 0.988160518444666
"935" NA NA NA
"936" 1 0.997252747252747 0.997252747252747
"937" 1 0.997253433208489 0.997253433208489
"938" 1 0.997495617330328 0.997495617330328
"939" 1 0.997884782879184 0.997884782879184
"940" 1 0.99157444668008 0.99157444668008
"941" 1 0.994392523364486 0.994392523364486
"942" 1 0.985954351642839 0.985954351642839
"943" NA NA NA
"944" 1 0.978428927680798 0.978428927680798
"945" 1 0.973815461346633 0.973815461346633
"946" 1 0.992494370778084 0.992494370778084
"947" 1 0.972652347652348 0.972652347652348
"948" 1 0.997127513425752 0.997127513425752
"949" 1 0.992000999875016 0.992000999875016
"950" 1 0.981430707876371 0.981430707876371
"951" 1 0.993746873436718 0.993746873436718
"952" 1 0.981899887654475 0.981899887654475
"953" 1 0.988440758889308 0.988440758889308
"954" 1 0.981950797379157 0.981950797379157
"955" 1 0.988133899575318 0.988133899575318
"956" 1 0.991174642635177 0.991174642635177
"957" 1 0.99265072247135 0.99265072247135
"958" 1 0.995424755780883 0.995424755780883
"959" 1 0.997770345596433 0.997770345596433
"960" 1 0.969317470256731 0.969317470256731
"961" 1 0.987493746873437 0.987493746873437
"962" 1 0.981235926945209 0.981235926945209
"963" 1 0.9812020776651 0.9812020776651
"964" 1 0.995023018539256 0.995023018539256
"965" 1 0.989052002985817 0.989052002985817
"966" 1 0.999372253609542 0.999372253609542
"967" 1 0.994768962510898 0.994768962510898
"968" 1 0.998752027954574 0.998752027954574
"969" 1 0.992368322281997 0.992368322281997
"970" 1 0.997266061886417 0.997266061886417
"971" 1 0.986812358703843 0.986812358703843
"972" 1 0.999874419188748 0.999874419188748
"973" NA NA NA
"974" 1 0.995131693920859 0.995131693920859
"975" 1 0.991406546189814 0.991406546189814
"976" 1 0.993736690467243 0.993736690467243
"977" 1 0.978024722187539 0.978024722187539
"978" 1 0.99287856071964 0.99287856071964
"979" 1 0.996014943960149 0.996014943960149
"980" NA NA NA
"981" 1 1 1
"982" 1 0.987440935090773 0.987440935090773
"983" 1 0.996235884567127 0.996235884567127
"984" 1 0.999748869914616 0.999748869914616
"985" 1 0.997021223780563 0.997021223780563
"986" NA NA NA
"987" 1 0.979650436953808 0.979650436953808
"988" 1 0.993659082431928 0.993659082431928
"989" 1 0.990208385638966 0.990208385638966
"990" 1 0.994354535190064 0.994354535190064
"991" 1 0.987745404526697 0.987745404526697
"992" 1 0.992086421303856 0.992086421303856
"993" 1 0.992321981424149 0.992321981424149
"994" 1 0.992203219315895 0.992203219315895
"995" 1 0.999372253609542 0.999372253609542
"996" 1 0.995650012428536 0.995650012428536
"997" NA NA NA
"998" 1 0.993015714642055 0.993015714642055
"999" 1 1 1
"1000" 1 0.984123015376922 0.984123015376922
