"V1" "V2" "V3"
"1" 1 0.945812807881773 0.945812807881773
"2" 1 0.964102564102564 0.964102564102564
"3" NA NA NA
"4" 1 0.997530864197531 0.997530864197531
"5" 1 0.843137254901961 0.843137254901961
"6" 1 0.959810874704492 0.959810874704492
"7" 1 0.899244332493703 0.899244332493703
"8" 1 0.982673267326733 0.982673267326733
"9" 1 0.9321608040201 0.9321608040201
"10" 1 0.989445910290237 0.989445910290237
"11" 1 0.9 0.9
"12" 1 0.863414634146341 0.863414634146341
"13" 1 0.924050632911392 0.924050632911392
"14" 1 0.879901960784314 0.879901960784314
"15" 1 0.585677749360614 0.585677749360614
"16" 1 0.977329974811083 0.977329974811083
"17" 1 0.915816326530612 0.915816326530612
"18" 1 0.926020408163265 0.926020408163265
"19" 1 0.952020202020202 0.952020202020202
"20" 1 0.959798994974874 0.959798994974874
"21" 1 0.931818181818182 0.931818181818182
"22" 1 0.945137157107232 0.945137157107232
"23" 1 0.972361809045226 0.972361809045226
"24" 1 0.982456140350877 0.982456140350877
"25" 1 0.845036319612591 0.845036319612591
"26" 0.93 0.977272727272727 0.901515151515151
"27" 1 0.757946210268949 0.757946210268949
"28" 1 0.987277353689567 0.987277353689567
"29" 0.72 0.916455696202532 0.645569620253165
"30" 0.864 0.961734693877551 0.836734693877551
"31" 1 0.925641025641026 0.925641025641026
"32" 0.822 0.965087281795511 0.795511221945137
"33" 1 0.971291866028708 0.971291866028708
"34" 1 0.980815347721823 0.980815347721823
"35" 1 0.672413793103448 0.672413793103448
"36" 0.926 0.936274509803922 0.860294117647059
"37" 0.894 0.946700507614213 0.847715736040609
"38" 1 0.966580976863753 0.966580976863753
"39" 1 0.914572864321608 0.914572864321608
"40" 1 0.798525798525799 0.798525798525799
"41" 0.888 0.987623762376238 0.873762376237624
"42" 0.898 0.9825 0.88
"43" 1 0.845036319612591 0.845036319612591
"44" 1 0.960199004975124 0.960199004975124
"45" 1 0.870229007633588 0.870229007633588
"46" 1 0.980440097799511 0.980440097799511
"47" 1 0.91183879093199 0.91183879093199
"48" 1 0.963325183374083 0.963325183374083
"49" 1 0.967741935483871 0.967741935483871
"50" 1 0.944584382871537 0.944584382871537
"51" 1 0.796437659033079 0.796437659033079
"52" 1 0.963144963144963 0.963144963144963
"53" 1 0.915841584158416 0.915841584158416
"54" 1 0.815189873417722 0.815189873417722
"55" 1 0.977040816326531 0.977040816326531
"56" 1 0.938574938574939 0.938574938574939
"57" 1 0.890862944162436 0.890862944162436
"58" 0.852 0.91044776119403 0.76865671641791
"59" 1 0.951456310679612 0.951456310679612
"60" 1 0.99 0.99
"61" 1 0.876543209876543 0.876543209876543
"62" 1 0.894472361809045 0.894472361809045
"63" 1 0.665 0.665
"64" 1 0.904522613065327 0.904522613065327
"65" 0.958 0.907090464547677 0.87041564792176
"66" 1 0.9425 0.9425
"67" 0.878 0.835443037974684 0.726582278481013
"68" 0.922 0.748110831234257 0.680100755667506
"69" 1 0.971867007672634 0.971867007672634
"70" 1 0.941624365482233 0.941624365482233
"71" 1 0.888324873096447 0.888324873096447
"72" NA NA NA
"73" 1 0.898989898989899 0.898989898989899
"74" 1 0.967741935483871 0.967741935483871
"75" 1 0.946380697050938 0.946380697050938
"76" 1 0.914357682619647 0.914357682619647
"77" 1 0.989637305699482 0.989637305699482
"78" 1 0.958230958230958 0.958230958230958
"79" 1 0.979746835443038 0.979746835443038
"80" 1 0.982456140350877 0.982456140350877
"81" 0.94 0.992307692307692 0.930769230769231
"82" 1 0.904645476772616 0.904645476772616
"83" 1 0.843520782396088 0.843520782396088
"84" 1 0.955958549222798 0.955958549222798
"85" 1 0.948453608247423 0.948453608247423
"86" 1 0.985221674876847 0.985221674876847
"87" 0.708 0.912408759124088 0.637469586374696
"88" 1 0.904176904176904 0.904176904176904
"89" 1 0.987405541561713 0.987405541561713
"90" 1 0.990147783251232 0.990147783251232
"91" 1 0.810126582278481 0.810126582278481
"92" 1 0.9825 0.9825
"93" 1 0.861809045226131 0.861809045226131
"94" 1 0.958435207823961 0.958435207823961
"95" 1 0.947103274559194 0.947103274559194
"96" 1 0.928934010152284 0.928934010152284
"97" 0.812 0.958115183246073 0.774869109947644
"98" 1 0.9175 0.9175
"99" 1 0.96875 0.96875
"100" 1 0.936117936117936 0.936117936117936
"101" 1 0.992610837438424 0.992610837438424
"102" 1 0.906091370558376 0.906091370558376
"103" 1 0.883663366336634 0.883663366336634
"104" 0.948 0.962121212121212 0.914141414141414
"105" 1 0.884020618556701 0.884020618556701
"106" 1 1 1
"107" 1 0.820143884892086 0.820143884892086
"108" 1 0.978102189781022 0.978102189781022
"109" 0.75 0.970149253731343 0.721393034825871
"110" 0.956 0.965432098765432 0.920987654320988
"111" 0.958 0.947761194029851 0.91044776119403
"112" 1 0.867684478371501 0.867684478371501
"113" 1 0.67 0.67
"114" 1 0.948402948402948 0.948402948402948
"115" 1 0.977040816326531 0.977040816326531
"116" 0.846 0.881067961165049 0.75
"117" 1 0.928020565552699 0.928020565552699
"118" 1 0.923990498812352 0.923990498812352
"119" 1 0.805626598465473 0.805626598465473
"120" 1 0.849489795918367 0.849489795918367
"121" 1 0.91644908616188 0.91644908616188
"122" 1 0.906329113924051 0.906329113924051
"123" 1 0.950248756218905 0.950248756218905
"124" 0.772 0.882205513784461 0.669172932330827
"125" 1 0.965260545905707 0.965260545905707
"126" 1 0.919191919191919 0.919191919191919
"127" 0.61 0.974554707379135 0.610687022900763
"128" 1 0.992481203007519 0.992481203007519
"129" 1 0.920987654320988 0.920987654320988
"130" 1 0.814009661835749 0.814009661835749
"131" 1 0.982800982800983 0.982800982800983
"132" 1 0.949874686716792 0.949874686716792
"133" 1 0.865482233502538 0.865482233502538
"134" 1 0.91871921182266 0.91871921182266
"135" 1 0.9025 0.9025
"136" 0.56 0.994987468671679 0.568922305764411
"137" 1 0.954976303317536 0.954976303317536
"138" 1 0.920595533498759 0.920595533498759
"139" 0.956 0.876884422110553 0.836683417085427
"140" 1 0.864102564102564 0.864102564102564
"141" 1 0.64 0.64
"142" 1 0.934177215189873 0.934177215189873
"143" 1 0.929951690821256 0.929951690821256
"144" 1 0.942355889724311 0.942355889724311
"145" 1 0.947890818858561 0.947890818858561
"146" 1 0.971354166666667 0.971354166666667
"147" 1 0.99273607748184 0.99273607748184
"148" 1 0.918114143920596 0.918114143920596
"149" 0.988 0.908136482939633 0.89501312335958
"150" 1 0.814814814814815 0.814814814814815
"151" 1 0.914141414141414 0.914141414141414
"152" 1 0.959785522788204 0.959785522788204
"153" 1 0.908641975308642 0.908641975308642
"154" 0.75 0.945454545454545 0.706493506493507
"155" 1 0.960493827160494 0.960493827160494
"156" 1 0.876237623762376 0.876237623762376
"157" 1 0.808673469387755 0.808673469387755
"158" 0.872 0.964376590330789 0.83969465648855
"159" 0.808 0.977777777777778 0.790123456790123
"160" 1 0.975062344139651 0.975062344139651
"161" 1 0.943589743589744 0.943589743589744
"162" 1 0.963680387409201 0.963680387409201
"163" 1 0.987684729064039 0.987684729064039
"164" 1 0.897560975609756 0.897560975609756
"165" 0.844 0.801526717557252 0.67175572519084
"166" 0.928 1 0.9325
"167" 1 0.839195979899497 0.839195979899497
"168" 1 0.867007672634271 0.867007672634271
"169" 0.622 0.964824120603015 0.597989949748744
"170" 1 0.997518610421836 0.997518610421836
"171" 1 0.985330073349633 0.985330073349633
"172" 0.868 0.93298969072165 0.79639175257732
"173" 1 0.952380952380952 0.952380952380952
"174" 1 0.900485436893204 0.900485436893204
"175" 1 0.888888888888889 0.888888888888889
"176" 1 0.89405684754522 0.89405684754522
"177" 1 0.942065491183879 0.942065491183879
"178" 0.924 0.900497512437811 0.828358208955224
"179" 1 0.940594059405941 0.940594059405941
"180" 1 0.994936708860759 0.994936708860759
"181" 0.988 0.861538461538462 0.851282051282051
"182" 1 0.840506329113924 0.840506329113924
"183" 0.752 0.916666666666667 0.69949494949495
"184" 1 0.941772151898734 0.941772151898734
"185" 1 0.974811083123426 0.974811083123426
"186" 0.896 0.966019417475728 0.868932038834951
"187" 1 0.97172236503856 0.97172236503856
"188" 1 0.967171717171717 0.967171717171717
"189" 1 0.878787878787879 0.878787878787879
"190" 1 0.967254408060453 0.967254408060453
"191" 1 0.95049504950495 0.95049504950495
"192" 1 0.918987341772152 0.918987341772152
"193" 1 0.936430317848411 0.936430317848411
"194" 1 0.894088669950739 0.894088669950739
"195" 1 0.980099502487562 0.980099502487562
"196" 1 0.881443298969072 0.881443298969072
"197" 1 0.863049095607235 0.863049095607235
"198" 1 0.867684478371501 0.867684478371501
"199" 1 0.819548872180451 0.819548872180451
"200" 1 0.746268656716418 0.746268656716418
"201" 1 0.746867167919799 0.746867167919799
"202" 1 0.975429975429975 0.975429975429975
"203" 1 0.99002493765586 0.99002493765586
"204" 0.858 0.977667493796526 0.84863523573201
"205" 1 0.938618925831202 0.938618925831202
"206" 1 0.941176470588235 0.941176470588235
"207" 1 0.936061381074169 0.936061381074169
"208" 0.736 0.99748743718593 0.721105527638191
"209" 1 0.958128078817734 0.958128078817734
"210" 1 0.840731070496084 0.840731070496084
"211" 1 0.986910994764398 0.986910994764398
"212" 0.84 0.977556109725686 0.810473815461347
"213" 0.838 0.947115384615385 0.786057692307692
"214" 0.858 0.848866498740554 0.722921914357683
"215" 0.808 0.893939393939394 0.712121212121212
"216" 1 0.796690307328605 0.796690307328605
"217" 0.864 1 0.869565217391304
"218" 1 0.99238578680203 0.99238578680203
"219" 1 0.992682926829268 0.992682926829268
"220" 1 0.979848866498741 0.979848866498741
"221" 1 0.921518987341772 0.921518987341772
"222" 1 0.81203007518797 0.81203007518797
"223" 1 0.918316831683168 0.918316831683168
"224" 1 0.964285714285714 0.964285714285714
"225" 1 0.989847715736041 0.989847715736041
"226" 1 0.877805486284289 0.877805486284289
"227" 0.62 0.889724310776942 0.558897243107769
"228" 1 0.931989924433249 0.931989924433249
"229" 1 0.960880195599022 0.960880195599022
"230" 0.742 0.949367088607595 0.708860759493671
"231" 1 0.977272727272727 0.977272727272727
"232" 1 0.917771883289125 0.917771883289125
"233" 1 0.922879177377892 0.922879177377892
"234" 1 0.825757575757576 0.825757575757576
"235" 1 0.957605985037406 0.957605985037406
"236" 1 0.964539007092199 0.964539007092199
"237" 1 0.946015424164524 0.946015424164524
"238" 1 0.861182519280206 0.861182519280206
"239" 1 0.995192307692308 0.995192307692308
"240" 1 0.82367758186398 0.82367758186398
"241" 1 0.818407960199005 0.818407960199005
"242" 1 0.92512077294686 0.92512077294686
"243" 1 0.972081218274112 0.972081218274112
"244" 1 0.866834170854271 0.866834170854271
"245" 1 0.968337730870712 0.968337730870712
"246" 1 0.992405063291139 0.992405063291139
"247" 1 0.915422885572139 0.915422885572139
"248" 1 0.974874371859296 0.974874371859296
"249" 1 0.953995157384988 0.953995157384988
"250" 1 0.929824561403509 0.929824561403509
"251" 1 0.76530612244898 0.76530612244898
"252" 0.836 0.83248730964467 0.695431472081218
"253" 0.924 0.859605911330049 0.783251231527094
"254" 0.832 0.740554156171285 0.629722921914358
"255" 1 0.83969465648855 0.83969465648855
"256" 1 0.802564102564103 0.802564102564103
"257" 1 0.943069306930693 0.943069306930693
"258" 1 0.850746268656716 0.850746268656716
"259" 1 0.953658536585366 0.953658536585366
"260" 1 0.956310679611651 0.956310679611651
"261" 0.842 0.985074626865672 0.825870646766169
"262" 1 0.922077922077922 0.922077922077922
"263" 1 0.990074441687345 0.990074441687345
"264" 0.672 0.992424242424242 0.669191919191919
"265" 1 0.950777202072539 0.950777202072539
"266" 1 0.932330827067669 0.932330827067669
"267" 1 0.960493827160494 0.960493827160494
"268" 0.886 0.956310679611651 0.844660194174757
"269" 1 0.961240310077519 0.961240310077519
"270" 1 0.982716049382716 0.982716049382716
"271" 1 0.954869358669834 0.954869358669834
"272" 1 0.992592592592593 0.992592592592593
"273" 1 0.963414634146341 0.963414634146341
"274" 1 0.813432835820896 0.813432835820896
"275" 1 0.99746835443038 0.99746835443038
"276" 0.972 0.96031746031746 0.933862433862434
"277" 0.854 0.975609756097561 0.84390243902439
"278" 1 0.976683937823834 0.976683937823834
"279" 1 0.861182519280206 0.861182519280206
"280" 1 0.924757281553398 0.924757281553398
"281" 1 0.987080103359173 0.987080103359173
"282" 0.94 0.941463414634146 0.890243902439024
"283" 1 0.907268170426065 0.907268170426065
"284" 1 0.980099502487562 0.980099502487562
"285" 1 0.987468671679198 0.987468671679198
"286" 1 0.947761194029851 0.947761194029851
"287" 1 0.982456140350877 0.982456140350877
"288" 1 0.916256157635468 0.916256157635468
"289" 1 0.96969696969697 0.96969696969697
"290" 1 0.9175 0.9175
"291" 1 0.940104166666667 0.940104166666667
"292" 1 0.834567901234568 0.834567901234568
"293" 1 0.975124378109453 0.975124378109453
"294" 1 0.781094527363184 0.781094527363184
"295" 1 0.982278481012658 0.982278481012658
"296" 1 0.856060606060606 0.856060606060606
"297" 1 0.975903614457831 0.975903614457831
"298" 1 0.984848484848485 0.984848484848485
"299" 0.692 0.98780487804878 0.690243902439024
"300" 1 0.836317135549872 0.836317135549872
"301" 1 0.980246913580247 0.980246913580247
"302" 0.85 0.850632911392405 0.724050632911392
"303" 1 0.915384615384615 0.915384615384615
"304" 1 0.710594315245478 0.710594315245478
"305" 1 0.985111662531017 0.985111662531017
"306" 1 0.837628865979381 0.837628865979381
"307" 1 0.8775 0.8775
"308" 1 0.995061728395062 0.995061728395062
"309" 1 0.897959183673469 0.897959183673469
"310" 1 0.975429975429975 0.975429975429975
"311" 1 0.945 0.945
"312" 1 0.878787878787879 0.878787878787879
"313" 0.77 0.914357682619647 0.692695214105793
"314" 1 0.995024875621891 0.995024875621891
"315" 1 0.987593052109181 0.987593052109181
"316" 1 0.979899497487437 0.979899497487437
"317" 1 0.992822966507177 0.992822966507177
"318" 0.782 0.912408759124088 0.70316301703163
"319" 0.742 0.975609756097561 0.724390243902439
"320" 1 0.987437185929648 0.987437185929648
"321" 1 0.872235872235872 0.872235872235872
"322" 1 0.925925925925926 0.925925925925926
"323" 1 0.879699248120301 0.879699248120301
"324" 1 0.942643391521197 0.942643391521197
"325" 1 0.972151898734177 0.972151898734177
"326" 1 0.992481203007519 0.992481203007519
"327" 1 0.940104166666667 0.940104166666667
"328" 1 0.95273631840796 0.95273631840796
"329" 0.77 0.896039603960396 0.685643564356436
"330" 1 0.968215158924205 0.968215158924205
"331" 1 1 1
"332" 1 0.943349753694581 0.943349753694581
"333" 1 0.997402597402597 0.997402597402597
"334" 1 0.90818858560794 0.90818858560794
"335" 1 0.826086956521739 0.826086956521739
"336" 1 0.989847715736041 0.989847715736041
"337" 1 0.946291560102302 0.946291560102302
"338" 1 0.949874686716792 0.949874686716792
"339" 1 0.748091603053435 0.748091603053435
"340" 1 0.982367758186398 0.982367758186398
"341" 1 0.958230958230958 0.958230958230958
"342" 1 0.817721518987342 0.817721518987342
"343" 1 0.734015345268542 0.734015345268542
"344" 1 0.994871794871795 0.994871794871795
"345" 0.692 1 0.686274509803922
"346" 1 0.907928388746803 0.907928388746803
"347" 1 0.982587064676617 0.982587064676617
"348" 1 0.959287531806616 0.959287531806616
"349" 0.792 0.982587064676617 0.783582089552239
"350" 1 0.957070707070707 0.957070707070707
"351" 0.892 0.9975 0.8875
"352" 1 0.91044776119403 0.91044776119403
"353" 0.768 0.923857868020305 0.685279187817259
"354" 0.99 0.985365853658537 0.978048780487805
"355" 1 0.920918367346939 0.920918367346939
"356" 1 0.904522613065327 0.904522613065327
"357" 1 0.995 0.995
"358" 1 0.892230576441103 0.892230576441103
"359" 1 0.94147582697201 0.94147582697201
"360" 0.926 0.9575 0.8925
"361" 0.95 0.924939467312349 0.878934624697337
"362" 1 0.897172236503856 0.897172236503856
"363" 1 0.947890818858561 0.947890818858561
"364" 0.972 0.945736434108527 0.914728682170543
"365" 1 0.964735516372796 0.964735516372796
"366" 1 0.941031941031941 0.941031941031941
"367" 1 0.944303797468354 0.944303797468354
"368" 1 0.911167512690355 0.911167512690355
"369" 1 0.569620253164557 0.569620253164557
"370" 1 0.895833333333333 0.895833333333333
"371" 1 0.837378640776699 0.837378640776699
"372" 1 0.969620253164557 0.969620253164557
"373" 1 0.984575835475578 0.984575835475578
"374" 0.934 0.947890818858561 0.88833746898263
"375" 1 0.970223325062035 0.970223325062035
"376" 1 0.907730673316708 0.907730673316708
"377" 0.686 0.971502590673575 0.629533678756477
"378" 1 0.931472081218274 0.931472081218274
"379" 1 0.894472361809045 0.894472361809045
"380" 1 0.977443609022556 0.977443609022556
"381" 1 0.904145077720207 0.904145077720207
"382" 1 0.9025 0.9025
"383" 1 0.865482233502538 0.865482233502538
"384" 1 0.872727272727273 0.872727272727273
"385" 1 0.968674698795181 0.968674698795181
"386" 0.756 0.989974937343358 0.74937343358396
"387" 1 0.909319899244333 0.909319899244333
"388" 1 0.960975609756098 0.960975609756098
"389" 1 0.921717171717172 0.921717171717172
"390" 1 0.992481203007519 0.992481203007519
"391" 1 0.949397590361446 0.949397590361446
"392" 1 0.778337531486146 0.778337531486146
"393" 1 0.884130982367758 0.884130982367758
"394" 1 0.977040816326531 0.977040816326531
"395" 1 0.679245283018868 0.679245283018868
"396" 0.978 0.928217821782178 0.910891089108911
"397" 1 0.985 0.985
"398" 1 0.837037037037037 0.837037037037037
"399" 1 0.997536945812808 0.997536945812808
"400" 1 0.918848167539267 0.918848167539267
"401" 1 0.851385390428212 0.851385390428212
"402" 1 0.948148148148148 0.948148148148148
"403" 1 0.873762376237624 0.873762376237624
"404" 1 0.984042553191489 0.984042553191489
"405" 1 0.926701570680628 0.926701570680628
"406" 1 0.994910941475827 0.994910941475827
"407" 1 1 1
"408" 1 0.990123456790123 0.990123456790123
"409" 0.826 0.99273607748184 0.823244552058111
"410" 1 0.91644908616188 0.91644908616188
"411" 1 0.989847715736041 0.989847715736041
"412" 0.934 0.924479166666667 0.8671875
"413" 1 0.909756097560976 0.909756097560976
"414" 1 0.904522613065327 0.904522613065327
"415" 0.95 0.977611940298508 0.925373134328358
"416" 1 0.910194174757282 0.910194174757282
"417" 1 0.941624365482233 0.941624365482233
"418" 1 0.956298200514139 0.956298200514139
"419" 1 0.997512437810945 0.997512437810945
"420" 1 0.997566909975669 0.997566909975669
"421" 1 0.83502538071066 0.83502538071066
"422" 0.774 0.98014888337469 0.759305210918114
"423" 1 0.911616161616162 0.911616161616162
"424" 1 0.9525 0.9525
"425" 1 0.873737373737374 0.873737373737374
"426" 0.71 0.846753246753247 0.623376623376623
"427" 1 1 1
"428" 1 0.891687657430731 0.891687657430731
"429" 1 0.982233502538071 0.982233502538071
"430" 1 0.92051282051282 0.92051282051282
"431" 1 0.911167512690355 0.911167512690355
"432" 1 0.961734693877551 0.961734693877551
"433" 1 0.801526717557252 0.801526717557252
"434" 1 0.956962025316456 0.956962025316456
"435" 1 0.912621359223301 0.912621359223301
"436" 0.732 0.975786924939467 0.723970944309927
"437" 1 0.985 0.985
"438" 0.978 0.919315403422983 0.897310513447433
"439" 1 0.808184143222506 0.808184143222506
"440" 1 0.8675 0.8675
"441" 1 0.967005076142132 0.967005076142132
"442" 1 0.918316831683168 0.918316831683168
"443" 1 0.829207920792079 0.829207920792079
"444" 0.892 0.982188295165394 0.888040712468193
"445" 1 0.910891089108911 0.910891089108911
"446" 1 0.774752475247525 0.774752475247525
"447" 0.838 0.926190476190476 0.766666666666667
"448" 1 0.966265060240964 0.966265060240964
"449" 1 0.995215311004785 0.995215311004785
"450" 1 0.832098765432099 0.832098765432099
"451" 1 1 1
"452" 1 1 1
"453" 1 0.930174563591022 0.930174563591022
"454" 1 0.997512437810945 0.997512437810945
"455" 1 0.948453608247423 0.948453608247423
"456" 1 0.914691943127962 0.914691943127962
"457" 1 1 1
"458" 1 0.962686567164179 0.962686567164179
"459" 1 0.956632653061224 0.956632653061224
"460" 1 0.926892950391645 0.926892950391645
"461" 1 0.965346534653465 0.965346534653465
"462" 1 0.923884514435696 0.923884514435696
"463" 1 0.974226804123711 0.974226804123711
"464" 1 0.854219948849105 0.854219948849105
"465" 1 0.921951219512195 0.921951219512195
"466" 0.908 0.962311557788945 0.874371859296482
"467" 1 0.937810945273632 0.937810945273632
"468" 1 0.900249376558603 0.900249376558603
"469" 1 0.970588235294118 0.970588235294118
"470" 1 0.969620253164557 0.969620253164557
"471" 1 0.9923273657289 0.9923273657289
"472" 0.688 0.96551724137931 0.665024630541872
"473" 1 0.754430379746835 0.754430379746835
"474" 0.75 0.954659949622166 0.700251889168766
"475" 1 0.816582914572864 0.816582914572864
"476" 1 0.962871287128713 0.962871287128713
"477" 1 0.856041131105398 0.856041131105398
"478" 0.662 0.936739659367397 0.62043795620438
"479" 0.888 0.88641975308642 0.790123456790123
"480" 1 0.842377260981912 0.842377260981912
"481" 0.996 0.952261306532663 0.947236180904523
"482" 0.81 0.841975308641975 0.681481481481481
"483" 1 0.931122448979592 0.931122448979592
"484" 1 1 1
"485" 1 0.949367088607595 0.949367088607595
"486" 1 0.842892768079801 0.842892768079801
"487" 1 0.948979591836735 0.948979591836735
"488" 1 0.819095477386935 0.819095477386935
"489" 0.804 0.99009900990099 0.78960396039604
"490" 1 0.917293233082707 0.917293233082707
"491" 1 0.992628992628993 0.992628992628993
"492" 1 0.8875 0.8875
"493" 1 0.799031476997579 0.799031476997579
"494" 1 0.997474747474748 0.997474747474748
"495" 1 0.99746835443038 0.99746835443038
"496" 1 0.868556701030928 0.868556701030928
"497" 1 0.773087071240106 0.773087071240106
"498" 1 0.77037037037037 0.77037037037037
"499" 1 0.93368700265252 0.93368700265252
"500" 0.776 0.858190709046455 0.669926650366748
"501" 0.878 0.827586206896552 0.711822660098522
"502" 1 0.962593516209476 0.962593516209476
"503" 0.928 0.982800982800983 0.911547911547912
"504" 1 0.788265306122449 0.788265306122449
"505" 1 0.966666666666667 0.966666666666667
"506" 1 0.975490196078431 0.975490196078431
"507" 1 0.889434889434889 0.889434889434889
"508" 1 0.990243902439024 0.990243902439024
"509" 1 0.890243902439024 0.890243902439024
"510" 1 0.900497512437811 0.900497512437811
"511" 1 0.761557177615572 0.761557177615572
"512" 1 0.910669975186104 0.910669975186104
"513" 1 0.781094527363184 0.781094527363184
"514" 1 0.965346534653465 0.965346534653465
"515" 1 0.924050632911392 0.924050632911392
"516" 1 0.96039603960396 0.96039603960396
"517" 0.998 0.924050632911392 0.924050632911392
"518" 0.97 0.857831325301205 0.831325301204819
"519" 1 0.982543640897756 0.982543640897756
"520" 0.666 0.972222222222222 0.643939393939394
"521" 1 0.8359375 0.8359375
"522" 1 0.974937343358396 0.974937343358396
"523" 1 0.963680387409201 0.963680387409201
"524" 1 0.983050847457627 0.983050847457627
"525" 1 0.972010178117048 0.972010178117048
"526" 1 0.995073891625616 0.995073891625616
"527" 1 0.826315789473684 0.826315789473684
"528" 1 0.989821882951654 0.989821882951654
"529" 1 0.802955665024631 0.802955665024631
"530" 1 0.947890818858561 0.947890818858561
"531" 0.776 0.87468671679198 0.681704260651629
"532" 1 0.941772151898734 0.941772151898734
"533" 1 0.839195979899497 0.839195979899497
"534" 1 0.921951219512195 0.921951219512195
"535" 1 0.915841584158416 0.915841584158416
"536" 1 0.885 0.885
"537" 1 0.967581047381546 0.967581047381546
"538" 1 0.947236180904523 0.947236180904523
"539" 0.75 0.953367875647668 0.691709844559586
"540" 0.96 0.85679012345679 0.822222222222222
"541" 1 0.85609756097561 0.85609756097561
"542" 1 0.970074812967581 0.970074812967581
"543" 1 0.817733990147783 0.817733990147783
"544" 1 0.765586034912718 0.765586034912718
"545" 1 0.869451697127937 0.869451697127937
"546" 1 0.97029702970297 0.97029702970297
"547" 1 0.9075 0.9075
"548" 1 0.935643564356436 0.935643564356436
"549" 1 0.802469135802469 0.802469135802469
"550" 0.83 0.894329896907217 0.739690721649485
"551" 1 0.968292682926829 0.968292682926829
"552" 1 0.917705735660848 0.917705735660848
"553" 1 0.900510204081633 0.900510204081633
"554" 1 0.957178841309824 0.957178841309824
"555" 0.894 0.944309927360775 0.849878934624697
"556" 1 0.932668329177057 0.932668329177057
"557" 1 0.883838383838384 0.883838383838384
"558" 0.984 0.952853598014888 0.937965260545906
"559" 1 0.670076726342711 0.670076726342711
"560" 1 0.947229551451187 0.947229551451187
"561" 0.832 0.961630695443645 0.793764988009592
"562" 1 0.826196473551637 0.826196473551637
"563" 0.848 0.868020304568528 0.725888324873096
"564" 1 0.885204081632653 0.885204081632653
"565" 1 0.997512437810945 0.997512437810945
"566" 0.88 0.960199004975124 0.840796019900497
"567" 1 0.955223880597015 0.955223880597015
"568" 1 0.950124688279302 0.950124688279302
"569" 1 0.915816326530612 0.915816326530612
"570" 1 0.992167101827676 0.992167101827676
"571" 0.904 0.990476190476191 0.902380952380952
"572" 1 0.977556109725686 0.977556109725686
"573" 1 0.97323600973236 0.97323600973236
"574" 1 0.918114143920596 0.918114143920596
"575" 1 0.871727748691099 0.871727748691099
"576" 0.774 0.972010178117048 0.758269720101781
"577" 0.542 0.890862944162436 0.477157360406091
"578" 1 0.99238578680203 0.99238578680203
"579" 1 0.907216494845361 0.907216494845361
"580" 1 0.978048780487805 0.978048780487805
"581" 1 0.983173076923077 0.983173076923077
"582" 1 0.997524752475248 0.997524752475248
"583" 1 0.928217821782178 0.928217821782178
"584" 0.874 0.939698492462312 0.829145728643216
"585" 1 0.9328165374677 0.9328165374677
"586" 1 0.91044776119403 0.91044776119403
"587" 1 0.935406698564593 0.935406698564593
"588" 1 0.892682926829268 0.892682926829268
"589" 1 1 1
"590" 1 0.921182266009852 0.921182266009852
"591" 1 0.853164556962025 0.853164556962025
"592" 1 1 1
"593" 1 0.934343434343434 0.934343434343434
"594" 1 0.962871287128713 0.962871287128713
"595" 0.844 0.974025974025974 0.823376623376623
"596" 1 0.834183673469388 0.834183673469388
"597" 1 0.884422110552764 0.884422110552764
"598" 1 0.885 0.885
"599" 1 0.980582524271845 0.980582524271845
"600" 1 0.967088607594937 0.967088607594937
"601" 1 0.572139303482587 0.572139303482587
"602" 1 0.966507177033493 0.966507177033493
"603" 1 0.982543640897756 0.982543640897756
"604" 1 0.888613861386139 0.888613861386139
"605" 1 0.931578947368421 0.931578947368421
"606" 1 0.982673267326733 0.982673267326733
"607" 1 0.87719298245614 0.87719298245614
"608" 1 0.794044665012407 0.794044665012407
"609" 0.872 0.921875 0.8046875
"610" 1 1 1
"611" 1 0.858190709046455 0.858190709046455
"612" 1 0.99009900990099 0.99009900990099
"613" 1 0.942786069651741 0.942786069651741
"614" 0.89 0.965260545905707 0.866004962779156
"615" 1 1 1
"616" 1 0.821782178217822 0.821782178217822
"617" 1 0.914507772020725 0.914507772020725
"618" 0.862 0.985257985257985 0.857493857493858
"619" 0.85 0.844155844155844 0.722077922077922
"620" 1 0.97841726618705 0.97841726618705
"621" 1 0.927860696517413 0.927860696517413
"622" 0.98 0.989974937343358 0.967418546365915
"623" 1 0.810945273631841 0.810945273631841
"624" 1 0.93 0.93
"625" 0.972 0.969151670951157 0.938303341902314
"626" 1 0.972636815920398 0.972636815920398
"627" 1 0.980440097799511 0.980440097799511
"628" 1 0.918781725888325 0.918781725888325
"629" 1 0.98019801980198 0.98019801980198
"630" 1 0.837270341207349 0.837270341207349
"631" 1 0.929113924050633 0.929113924050633
"632" 0.904 1 0.89922480620155
"633" 1 0.894206549118388 0.894206549118388
"634" 1 0.943069306930693 0.943069306930693
"635" 0.892 0.985221674876847 0.87192118226601
"636" 1 0.97029702970297 0.97029702970297
"637" 1 0.8825 0.8825
"638" 1 0.941176470588235 0.941176470588235
"639" 1 0.939320388349515 0.939320388349515
"640" 0.54 0.943069306930693 0.522277227722772
"641" 1 0.873762376237624 0.873762376237624
"642" 0.708 0.968137254901961 0.691176470588235
"643" 1 0.967980295566502 0.967980295566502
"644" 1 0.968911917098446 0.968911917098446
"645" 1 0.938303341902314 0.938303341902314
"646" 1 0.898263027295285 0.898263027295285
"647" 1 0.913366336633663 0.913366336633663
"648" 1 0.902255639097744 0.902255639097744
"649" 1 0.94910941475827 0.94910941475827
"650" 0.604 0.933673469387755 0.566326530612245
"651" 1 0.987468671679198 0.987468671679198
"652" 1 0.873170731707317 0.873170731707317
"653" 1 0.829457364341085 0.829457364341085
"654" 1 0.905511811023622 0.905511811023622
"655" 0.924 0.899262899262899 0.83046683046683
"656" 1 0.966233766233766 0.966233766233766
"657" 1 0.953545232273839 0.953545232273839
"658" 1 0.964646464646465 0.964646464646465
"659" 0.86 0.980440097799511 0.836185819070905
"660" 1 0.970149253731343 0.970149253731343
"661" 1 0.876884422110553 0.876884422110553
"662" 1 0.779661016949153 0.779661016949153
"663" 1 0.895377128953771 0.895377128953771
"664" 1 0.965686274509804 0.965686274509804
"665" 1 0.91415313225058 0.91415313225058
"666" 1 0.917705735660848 0.917705735660848
"667" 1 0.972292191435768 0.972292191435768
"668" 1 0.756563245823389 0.756563245823389
"669" 1 0.994936708860759 0.994936708860759
"670" 1 0.929440389294404 0.929440389294404
"671" 1 0.964735516372796 0.964735516372796
"672" 1 0.949748743718593 0.949748743718593
"673" 1 0.90176322418136 0.90176322418136
"674" 0.826 0.985037406483791 0.827930174563591
"675" 0.804 0.743718592964824 0.585427135678392
"676" 1 0.897435897435897 0.897435897435897
"677" 1 0.936274509803922 0.936274509803922
"678" 1 0.982051282051282 0.982051282051282
"679" 1 0.884422110552764 0.884422110552764
"680" 1 0.903703703703704 0.903703703703704
"681" 0.95 0.979949874686717 0.93483709273183
"682" 0.626 0.987623762376238 0.621287128712871
"683" 1 1 1
"684" 1 0.9321608040201 0.9321608040201
"685" 1 0.898765432098765 0.898765432098765
"686" 1 0.977272727272727 0.977272727272727
"687" 1 0.939024390243902 0.939024390243902
"688" 1 0.959183673469388 0.959183673469388
"689" 1 0.905236907730673 0.905236907730673
"690" 1 0.815 0.815
"691" 1 0.906005221932115 0.906005221932115
"692" 0.888 0.905569007263923 0.801452784503632
"693" 1 0.888613861386139 0.888613861386139
"694" 1 0.8975 0.8975
"695" 1 0.967661691542289 0.967661691542289
"696" 1 0.898477157360406 0.898477157360406
"697" 1 0.833746898263027 0.833746898263027
"698" 1 0.931645569620253 0.931645569620253
"699" 1 0.951690821256039 0.951690821256039
"700" 1 0.826732673267327 0.826732673267327
"701" 1 0.942065491183879 0.942065491183879
"702" 1 0.995 0.995
"703" 1 0.955112219451372 0.955112219451372
"704" 1 0.827848101265823 0.827848101265823
"705" 1 0.961995249406176 0.961995249406176
"706" 1 0.84863523573201 0.84863523573201
"707" 0.972 0.972568578553616 0.937655860349127
"708" 0.94 0.939393939393939 0.886363636363636
"709" 0.894 0.955497382198953 0.837696335078534
"710" 1 0.98792270531401 0.98792270531401
"711" 1 0.959899749373434 0.959899749373434
"712" 1 0.954545454545455 0.954545454545455
"713" 1 0.94320987654321 0.94320987654321
"714" 1 0.935643564356436 0.935643564356436
"715" 1 0.977777777777778 0.977777777777778
"716" 1 0.951048951048951 0.951048951048951
"717" 0.674 0.864197530864197 0.582716049382716
"718" 1 0.972010178117048 0.972010178117048
"719" 1 0.981578947368421 0.981578947368421
"720" 0.956 0.886075949367089 0.848101265822785
"721" 0.928 0.876847290640394 0.812807881773399
"722" 1 0.982051282051282 0.982051282051282
"723" 1 0.992405063291139 0.992405063291139
"724" 1 0.934624697336562 0.934624697336562
"725" 1 0.661870503597122 0.661870503597122
"726" 1 0.987623762376238 0.987623762376238
"727" 1 0.964194373401535 0.964194373401535
"728" 1 0.979591836734694 0.979591836734694
"729" 1 0.959390862944162 0.959390862944162
"730" 1 0.857142857142857 0.857142857142857
"731" 1 0.858227848101266 0.858227848101266
"732" 1 0.928571428571429 0.928571428571429
"733" 1 0.896039603960396 0.896039603960396
"734" 1 0.933333333333333 0.933333333333333
"735" 0.878 0.8 0.707692307692308
"736" 1 0.939698492462312 0.939698492462312
"737" 1 0.964285714285714 0.964285714285714
"738" 1 0.987562189054726 0.987562189054726
"739" 1 0.992574257425743 0.992574257425743
"740" 0.706 0.909560723514212 0.65891472868217
"741" 1 0.964646464646465 0.964646464646465
"742" 1 0.946835443037975 0.946835443037975
"743" 0.824 0.970443349753695 0.793103448275862
"744" 1 0.956310679611651 0.956310679611651
"745" 1 0.923076923076923 0.923076923076923
"746" 0.862 0.886649874055416 0.753148614609572
"747" 1 0.883544303797468 0.883544303797468
"748" 1 0.839901477832512 0.839901477832512
"749" 0.796 0.989847715736041 0.796954314720812
"750" 1 0.992481203007519 0.992481203007519
"751" 1 0.912621359223301 0.912621359223301
"752" 1 0.829207920792079 0.829207920792079
"753" 1 0.974937343358396 0.974937343358396
"754" 1 0.936868686868687 0.936868686868687
"755" 1 0.873134328358209 0.873134328358209
"756" 0.83 1 0.826086956521739
"757" 1 0.957178841309824 0.957178841309824
"758" 1 0.85969387755102 0.85969387755102
"759" 1 0.997416020671835 0.997416020671835
"760" 1 0.958536585365854 0.958536585365854
"761" 1 0.913669064748201 0.913669064748201
"762" 0.984 0.838942307692308 0.822115384615385
"763" 1 0.968215158924205 0.968215158924205
"764" 1 0.512376237623762 0.512376237623762
"765" 1 0.861728395061728 0.861728395061728
"766" 0.848 0.880299251870324 0.750623441396509
"767" 0.786 0.915458937198068 0.727053140096618
"768" 1 0.789081885856079 0.789081885856079
"769" 1 0.997584541062802 0.997584541062802
"770" 0.832 0.80506329113924 0.683544303797468
"771" 1 0.992462311557789 0.992462311557789
"772" 1 0.977157360406091 0.977157360406091
"773" 1 0.978155339805825 0.978155339805825
"774" 1 0.905109489051095 0.905109489051095
"775" 0.82 0.931818181818182 0.777777777777778
"776" 1 0.917293233082707 0.917293233082707
"777" 1 0.992268041237113 0.992268041237113
"778" 1 0.942028985507246 0.942028985507246
"779" 1 0.969047619047619 0.969047619047619
"780" 1 0.930174563591022 0.930174563591022
"781" 1 0.948717948717949 0.948717948717949
"782" 1 0.952380952380952 0.952380952380952
"783" 1 0.951776649746193 0.951776649746193
"784" 1 0.9825 0.9825
"785" 1 0.944309927360775 0.944309927360775
"786" 1 0.923076923076923 0.923076923076923
"787" 0.886 0.959899749373434 0.844611528822055
"788" 0.726 0.995073891625616 0.724137931034483
"789" 1 0.545226130653266 0.545226130653266
"790" 0.832 0.934508816120907 0.775818639798489
"791" 1 0.883544303797468 0.883544303797468
"792" 0.948 0.958536585365854 0.907317073170732
"793" 1 0.918114143920596 0.918114143920596
"794" 1 0.868159203980099 0.868159203980099
"795" 1 0.969773299748111 0.969773299748111
"796" 1 0.739348370927318 0.739348370927318
"797" 1 0.908629441624365 0.908629441624365
"798" 1 0.955729166666667 0.955729166666667
"799" 1 0.951338199513382 0.951338199513382
"800" 1 0.982188295165394 0.982188295165394
"801" 1 0.987212276214834 0.987212276214834
"802" 1 0.940446650124069 0.940446650124069
"803" 1 0.985330073349633 0.985330073349633
"804" 0.978 0.989690721649485 0.969072164948454
"805" 0.76 0.798982188295165 0.618320610687023
"806" 1 0.93398533007335 0.93398533007335
"807" 1 0.945273631840796 0.945273631840796
"808" 1 0.899014778325123 0.899014778325123
"809" 1 0.71356783919598 0.71356783919598
"810" 1 0.997536945812808 0.997536945812808
"811" 1 0.966751918158568 0.966751918158568
"812" 0.846 0.957605985037406 0.830423940149626
"813" 1 0.92 0.92
"814" 1 0.875949367088608 0.875949367088608
"815" 0.784 0.960099750623441 0.755610972568579
"816" 1 0.70379746835443 0.70379746835443
"817" 0.748 0.901515151515151 0.656565656565657
"818" 1 0.842751842751843 0.842751842751843
"819" 1 0.930946291560102 0.930946291560102
"820" 0.896 0.895522388059702 0.808457711442786
"821" 1 0.878172588832487 0.878172588832487
"822" 1 0.919597989949749 0.919597989949749
"823" 1 0.985294117647059 0.985294117647059
"824" 1 0.875 0.875
"825" 1 0.761538461538461 0.761538461538461
"826" 0.786 0.987654320987654 0.772839506172839
"827" 1 0.99748743718593 0.99748743718593
"828" 1 0.997530864197531 0.997530864197531
"829" 1 0.935 0.935
"830" 1 0.990074441687345 0.990074441687345
"831" 1 0.9559902200489 0.9559902200489
"832" 0.654 0.929113924050633 0.615189873417721
"833" 1 0.920716112531969 0.920716112531969
"834" 1 0.982716049382716 0.982716049382716
"835" 1 0.975490196078431 0.975490196078431
"836" 1 0.976923076923077 0.976923076923077
"837" 1 0.906493506493506 0.906493506493506
"838" 1 0.863291139240506 0.863291139240506
"839" 1 0.963414634146341 0.963414634146341
"840" 0.902 0.985037406483791 0.880299251870324
"841" 1 0.889460154241645 0.889460154241645
"842" 1 0.9125 0.9125
"843" 0.72 0.89873417721519 0.635443037974683
"844" 0.952 0.938144329896907 0.894329896907217
"845" 1 0.979643765903308 0.979643765903308
"846" 1 0.919191919191919 0.919191919191919
"847" 1 0.868894601542416 0.868894601542416
"848" 1 0.990243902439024 0.990243902439024
"849" 1 0.952853598014888 0.952853598014888
"850" 0.718 0.900744416873449 0.637717121588089
"851" 1 0.977272727272727 0.977272727272727
"852" 1 0.972704714640198 0.972704714640198
"853" 0.86 0.965 0.8225
"854" 1 0.941320293398533 0.941320293398533
"855" 1 0.9475 0.9475
"856" 0.584 0.980392156862745 0.58578431372549
"857" 1 0.93734335839599 0.93734335839599
"858" 0.986 0.929471032745592 0.92191435768262
"859" 1 0.97029702970297 0.97029702970297
"860" 1 0.95959595959596 0.95959595959596
"861" 1 0.93 0.93
"862" 1 0.985221674876847 0.985221674876847
"863" 1 0.93984962406015 0.93984962406015
"864" 1 0.979643765903308 0.979643765903308
"865" 1 0.959798994974874 0.959798994974874
"866" 1 0.939086294416244 0.939086294416244
"867" 1 0.969309462915601 0.969309462915601
"868" 0.834 0.976501305483029 0.822454308093995
"869" 1 0.955555555555556 0.955555555555556
"870" 0.816 0.954545454545455 0.782828282828283
"871" 1 0.9064039408867 0.9064039408867
"872" 1 0.964467005076142 0.964467005076142
"873" 1 0.989583333333333 0.989583333333333
"874" 1 0.924623115577889 0.924623115577889
"875" NA NA NA
"876" 1 0.90537084398977 0.90537084398977
"877" 1 0.912718204488778 0.912718204488778
"878" 1 0.971014492753623 0.971014492753623
"879" 1 0.980295566502463 0.980295566502463
"880" 0.902 0.935096153846154 0.84375
"881" 1 0.80352644836272 0.80352644836272
"882" 1 0.94320987654321 0.94320987654321
"883" 1 0.985401459854015 0.985401459854015
"884" 1 0.873449131513648 0.873449131513648
"885" 0.738 0.863080684596577 0.645476772616137
"886" 1 0.969465648854962 0.969465648854962
"887" 1 0.964376590330789 0.964376590330789
"888" 1 0.987468671679198 0.987468671679198
"889" 1 0.964646464646465 0.964646464646465
"890" 1 0.969151670951157 0.969151670951157
"891" 1 0.886699507389163 0.886699507389163
"892" 0.788 0.890052356020942 0.68848167539267
"893" 0.782 0.954773869346734 0.756281407035176
"894" 0.986 0.950738916256158 0.935960591133005
"895" 1 0.856423173803526 0.856423173803526
"896" 0.798 0.958024691358025 0.77037037037037
"897" 0.82 0.639024390243902 0.534146341463415
"898" 1 0.782828282828283 0.782828282828283
"899" 0.896 0.938574938574939 0.835380835380835
"900" 1 0.93573264781491 0.93573264781491
"901" 1 0.911764705882353 0.911764705882353
"902" 1 0.80050505050505 0.80050505050505
"903" 1 0.962686567164179 0.962686567164179
"904" 1 0.914141414141414 0.914141414141414
"905" 1 0.997607655502392 0.997607655502392
"906" 1 0.895674300254453 0.895674300254453
"907" 1 0.87621359223301 0.87621359223301
"908" 1 0.980535279805353 0.980535279805353
"909" 1 0.965936739659367 0.965936739659367
"910" 0.76 0.987468671679198 0.734335839598998
"911" 1 0.966921119592875 0.966921119592875
"912" 0.926 0.979848866498741 0.906801007556675
"913" 1 1 1
"914" 1 0.868159203980099 0.868159203980099
"915" 1 0.868894601542416 0.868894601542416
"916" 1 0.760925449871465 0.760925449871465
"917" 1 0.992518703241895 0.992518703241895
"918" 1 0.747596153846154 0.747596153846154
"919" 0.774 0.9328165374677 0.739018087855297
"920" 1 0.94 0.94
"921" 1 0.853598014888337 0.853598014888337
"922" 1 0.893034825870647 0.893034825870647
"923" 1 0.876543209876543 0.876543209876543
"924" 1 0.958024691358025 0.958024691358025
"925" 1 0.919117647058823 0.919117647058823
"926" 1 0.99234693877551 0.99234693877551
"927" 1 0.89058524173028 0.89058524173028
"928" 1 0.943877551020408 0.943877551020408
"929" 1 0.997613365155131 0.997613365155131
"930" 1 0.782278481012658 0.782278481012658
"931" 1 0.987437185929648 0.987437185929648
"932" 1 0.966580976863753 0.966580976863753
"933" 0.858 0.801955990220049 0.677261613691931
"934" 1 0.945409429280397 0.945409429280397
"935" 1 0.935483870967742 0.935483870967742
"936" 1 0.763819095477387 0.763819095477387
"937" 0.946 0.881481481481482 0.82962962962963
"938" 1 0.997442455242967 0.997442455242967
"939" 1 0.885026737967914 0.885026737967914
"940" 1 0.936739659367397 0.936739659367397
"941" 1 0.894088669950739 0.894088669950739
"942" 1 0.938271604938272 0.938271604938272
"943" 1 0.87468671679198 0.87468671679198
"944" 1 0.99 0.99
"945" 1 0.955729166666667 0.955729166666667
"946" 1 0.962871287128713 0.962871287128713
"947" 0.93 0.966145833333333 0.893229166666667
"948" 1 0.8287841191067 0.8287841191067
"949" 1 0.992518703241895 0.992518703241895
"950" 1 0.989664082687339 0.989664082687339
"951" 1 0.892344497607656 0.892344497607656
"952" 1 0.697788697788698 0.697788697788698
"953" 1 0.992537313432836 0.992537313432836
"954" 1 0.992405063291139 0.992405063291139
"955" 1 0.881927710843374 0.881927710843374
"956" 1 0.932668329177057 0.932668329177057
"957" 1 1 1
"958" 1 0.9625 0.9625
"959" 0.862 0.956521739130435 0.836317135549872
"960" 1 0.915211970074813 0.915211970074813
"961" 1 0.917073170731707 0.917073170731707
"962" 0.84 0.923645320197044 0.775862068965517
"963" 1 0.829573934837093 0.829573934837093
"964" 0.768 0.987623762376238 0.767326732673267
"965" 1 0.755501222493888 0.755501222493888
"966" 1 0.936061381074169 0.936061381074169
"967" 1 0.954887218045113 0.954887218045113
"968" 1 0.833333333333333 0.833333333333333
"969" 1 0.954314720812183 0.954314720812183
"970" 0.914 0.983253588516746 0.894736842105263
"971" 1 0.956521739130435 0.956521739130435
"972" 1 0.926952141057935 0.926952141057935
"973" 1 0.821882951653944 0.821882951653944
"974" 0.788 0.997530864197531 0.77037037037037
"975" 1 0.930051813471503 0.930051813471503
"976" 1 0.83375314861461 0.83375314861461
"977" 1 0.94910941475827 0.94910941475827
"978" 1 0.956962025316456 0.956962025316456
"979" 0.758 0.940446650124069 0.712158808933002
"980" 1 0.816582914572864 0.816582914572864
"981" 1 0.92964824120603 0.92964824120603
"982" 1 0.549261083743842 0.549261083743842
"983" 1 0.936224489795918 0.936224489795918
"984" 0.886 0.961340206185567 0.853092783505155
"985" 1 0.952618453865337 0.952618453865337
"986" 1 0.8975 0.8975
"987" 0.85 0.838308457711443 0.686567164179104
"988" 1 0.972636815920398 0.972636815920398
"989" 0.95 0.982716049382716 0.930864197530864
"990" 1 0.963855421686747 0.963855421686747
"991" 1 0.980535279805353 0.980535279805353
"992" 1 0.925 0.925
"993" 1 0.963325183374083 0.963325183374083
"994" 1 0.960880195599022 0.960880195599022
"995" 0.748 0.95771144278607 0.708955223880597
"996" 1 0.957605985037406 0.957605985037406
"997" 1 0.984848484848485 0.984848484848485
"998" 1 0.988009592326139 0.988009592326139
"999" 1 0.987309644670051 0.987309644670051
"1000" 1 0.935802469135802 0.935802469135802
