"V1" "V2" "V3"
"1" 1 0.992546583850932 0.992546583850932
"2" 1 0.94320987654321 0.94320987654321
"3" 1 0.903465346534653 0.903465346534653
"4" 1 0.984886649874055 0.984886649874055
"5" 0.785 0.952853598014888 0.74317617866005
"6" 1 0.879746835443038 0.879746835443038
"7" 1 0.949238578680203 0.949238578680203
"8" 1 0.940127388535032 0.940127388535032
"9" 1 0.971604938271605 0.971604938271605
"10" 1 0.982367758186398 0.982367758186398
"11" 1 0.93167701863354 0.93167701863354
"12" 1 0.91921664626683 0.91921664626683
"13" 1 0.966836734693878 0.966836734693878
"14" 1 0.962264150943396 0.962264150943396
"15" 1 0.920953575909661 0.920953575909661
"16" 1 0.959057071960298 0.959057071960298
"17" 1 0.950556242274413 0.950556242274413
"18" 1 0.970660146699266 0.970660146699266
"19" 1 0.921717171717172 0.921717171717172
"20" 1 0.984713375796178 0.984713375796178
"21" 0.999 0.924242424242424 0.922979797979798
"22" 1 0.866242038216561 0.866242038216561
"23" 1 0.988664987405542 0.988664987405542
"24" 1 0.96441717791411 0.96441717791411
"25" 1 0.987341772151899 0.987341772151899
"26" 0.865 0.967701863354037 0.832298136645963
"27" 1 0.919847328244275 0.919847328244275
"28" 1 0.981572481572482 0.981572481572482
"29" 1 0.928571428571429 0.928571428571429
"30" 1 0.957658779576588 0.957658779576588
"31" 1 0.995067817509248 0.995067817509248
"32" 1 0.967701863354037 0.967701863354037
"33" 1 0.92487684729064 0.92487684729064
"34" 1 0.982412060301508 0.982412060301508
"35" 1 0.93875 0.93875
"36" 1 0.984810126582279 0.984810126582279
"37" 1 0.984204131227218 0.984204131227218
"38" 1 0.97394540942928 0.97394540942928
"39" 1 0.945137157107232 0.945137157107232
"40" 1 0.87807881773399 0.87807881773399
"41" 1 0.985037406483791 0.985037406483791
"42" 1 0.957920792079208 0.957920792079208
"43" 0.926 0.943661971830986 0.873239436619718
"44" 1 0.980049875311721 0.980049875311721
"45" 1 0.983850931677019 0.983850931677019
"46" 1 0.936724565756824 0.936724565756824
"47" 1 0.984924623115578 0.984924623115578
"48" 1 0.945 0.945
"49" 1 0.971119133574007 0.971119133574007
"50" 1 0.983565107458913 0.983565107458913
"51" 1 0.997515527950311 0.997515527950311
"52" 1 0.880407124681934 0.880407124681934
"53" 1 0.935286935286935 0.935286935286935
"54" 1 0.977070063694268 0.977070063694268
"55" 1 0.968866749688667 0.968866749688667
"56" 1 0.885786802030457 0.885786802030457
"57" 1 0.992709599027947 0.992709599027947
"58" 1 0.972534332084894 0.972534332084894
"59" 1 0.884910485933504 0.884910485933504
"60" 1 0.950186799501868 0.950186799501868
"61" 1 0.963541666666667 0.963541666666667
"62" 1 0.96469104665826 0.96469104665826
"63" 1 0.961240310077519 0.961240310077519
"64" 1 0.931904161412358 0.931904161412358
"65" 1 0.955367913148372 0.955367913148372
"66" 1 0.987546699875467 0.987546699875467
"67" 1 0.935768261964736 0.935768261964736
"68" 1 0.961538461538462 0.961538461538462
"69" 1 0.973451327433628 0.973451327433628
"70" 1 0.958282208588957 0.958282208588957
"71" 1 0.974715549936789 0.974715549936789
"72" 1 0.940645161290323 0.940645161290323
"73" 1 0.959849435382685 0.959849435382685
"74" 0.833 0.983729662077597 0.824780976220275
"75" 1 0.962332928311057 0.962332928311057
"76" 1 0.883312421580928 0.883312421580928
"77" 1 0.950757575757576 0.950757575757576
"78" 1 0.91183879093199 0.91183879093199
"79" 1 0.990279465370595 0.990279465370595
"80" 1 0.965909090909091 0.965909090909091
"81" 1 0.929016189290162 0.929016189290162
"82" 1 0.922029702970297 0.922029702970297
"83" 1 0.961442786069652 0.961442786069652
"84" 1 0.907242693773825 0.907242693773825
"85" 0.959 0.975155279503106 0.936645962732919
"86" 1 0.980099502487562 0.980099502487562
"87" 1 0.990314769975787 0.990314769975787
"88" 1 0.975155279503106 0.975155279503106
"89" 1 0.945679012345679 0.945679012345679
"90" 1 0.896984924623116 0.896984924623116
"91" 1 0.980024968789014 0.980024968789014
"92" 1 1 1
"93" 1 0.991304347826087 0.991304347826087
"94" 1 0.964329643296433 0.964329643296433
"95" 0.837 0.986402966625464 0.829419035846724
"96" 1 0.975429975429975 0.975429975429975
"97" 1 0.951005025125628 0.951005025125628
"98" 1 0.872474747474748 0.872474747474748
"99" 0.856 0.96343001261034 0.831021437578815
"100" 1 0.939054726368159 0.939054726368159
"101" 1 0.967005076142132 0.967005076142132
"102" 1 0.973518284993695 0.973518284993695
"103" 1 0.976833976833977 0.976833976833977
"104" 1 0.973145780051151 0.973145780051151
"105" 1 0.959899749373434 0.959899749373434
"106" 1 0.9272030651341 0.9272030651341
"107" 1 0.949816401468788 0.949816401468788
"108" 1 0.929471032745592 0.929471032745592
"109" 1 0.965648854961832 0.965648854961832
"110" 1 0.852760736196319 0.852760736196319
"111" 0.733 0.995 0.71
"112" 1 0.981366459627329 0.981366459627329
"113" 1 0.895859473023839 0.895859473023839
"114" 1 0.94139650872818 0.94139650872818
"115" 1 0.921618204804046 0.921618204804046
"116" 1 0.946969696969697 0.946969696969697
"117" 1 0.983418367346939 0.983418367346939
"118" 1 0.848522167487685 0.848522167487685
"119" 1 0.958076448828607 0.958076448828607
"120" 1 0.947109471094711 0.947109471094711
"121" 1 0.910669975186104 0.910669975186104
"122" 1 0.927429274292743 0.927429274292743
"123" 1 0.929471032745592 0.929471032745592
"124" 1 0.994993742177722 0.994993742177722
"125" 1 0.980867346938776 0.980867346938776
"126" 1 0.995006242197253 0.995006242197253
"127" 1 0.880778588807786 0.880778588807786
"128" 1 0.975 0.975
"129" 1 0.951573849878935 0.951573849878935
"130" 0.994 0.992857142857143 0.986904761904762
"131" 1 0.98879202988792 0.98879202988792
"132" 1 0.908200734394125 0.908200734394125
"133" 1 0.976658476658477 0.976658476658477
"134" 1 0.975339087546239 0.975339087546239
"135" 1 0.903307888040712 0.903307888040712
"136" 1 0.961832061068702 0.961832061068702
"137" 1 0.969924812030075 0.969924812030075
"138" 1 0.982256020278834 0.982256020278834
"139" 1 0.984615384615385 0.984615384615385
"140" 1 0.924773022049287 0.924773022049287
"141" 1 1 1
"142" 1 0.930261519302615 0.930261519302615
"143" 1 0.966963151207116 0.966963151207116
"144" 1 0.839490445859873 0.839490445859873
"145" 1 0.963522012578616 0.963522012578616
"146" 1 0.928301886792453 0.928301886792453
"147" 1 0.932741116751269 0.932741116751269
"148" 1 0.934591194968553 0.934591194968553
"149" 1 0.919496855345912 0.919496855345912
"150" 1 0.992583436341162 0.992583436341162
"151" 1 0.997539975399754 0.997539975399754
"152" 1 0.939622641509434 0.939622641509434
"153" 1 0.894472361809045 0.894472361809045
"154" 0.941 0.978802992518703 0.925187032418953
"155" 1 0.919597989949749 0.919597989949749
"156" 1 0.927227101631117 0.927227101631117
"157" 1 0.926918392204628 0.926918392204628
"158" 1 0.954656862745098 0.954656862745098
"159" 1 0.870530209617756 0.870530209617756
"160" 1 0.969362745098039 0.969362745098039
"161" 1 0.981389578163772 0.981389578163772
"162" 1 0.834158415841584 0.834158415841584
"163" 1 0.888050314465409 0.888050314465409
"164" 1 0.99876390605686 0.99876390605686
"165" 1 0.926342072409488 0.926342072409488
"166" 1 0.975216852540273 0.975216852540273
"167" 1 0.980867346938776 0.980867346938776
"168" 1 0.998740554156171 0.998740554156171
"169" 1 0.968905472636816 0.968905472636816
"170" 1 0.963144963144963 0.963144963144963
"171" 1 0.978723404255319 0.978723404255319
"172" 1 0.947955390334573 0.947955390334573
"173" 1 0.944852941176471 0.944852941176471
"174" 1 0.982389937106918 0.982389937106918
"175" 1 0.984790874524715 0.984790874524715
"176" 1 0.969173859432799 0.969173859432799
"177" 0.938 0.98870765370138 0.927227101631117
"178" 1 0.997512437810945 0.997512437810945
"179" 1 0.967295597484277 0.967295597484277
"180" 1 0.97020725388601 0.97020725388601
"181" 1 0.939393939393939 0.939393939393939
"182" 1 0.978776529338327 0.978776529338327
"183" 1 0.933997509339975 0.933997509339975
"184" 0.919 0.992546583850932 0.919254658385093
"185" 1 0.928388746803069 0.928388746803069
"186" 1 0.982608695652174 0.982608695652174
"187" 1 0.936329588014981 0.936329588014981
"188" 0.993 0.977859778597786 0.972939729397294
"189" 1 0.986005089058524 0.986005089058524
"190" 1 0.972327044025157 0.972327044025157
"191" 1 0.953223767383059 0.953223767383059
"192" 1 0.843908629441624 0.843908629441624
"193" 1 0.955583756345178 0.955583756345178
"194" 1 0.99749373433584 0.99749373433584
"195" 1 0.944723618090452 0.944723618090452
"196" 1 0.996245306633292 0.996245306633292
"197" 0.95 0.956204379562044 0.903892944038929
"198" 1 0.917079207920792 0.917079207920792
"199" 1 0.915317559153176 0.915317559153176
"200" 1 0.883248730964467 0.883248730964467
"201" 1 0.957854406130268 0.957854406130268
"202" 1 0.946182728410513 0.946182728410513
"203" 1 0.984555984555985 0.984555984555985
"204" 1 0.978468899521531 0.978468899521531
"205" 1 0.927339901477833 0.927339901477833
"206" 1 0.956467661691542 0.956467661691542
"207" 1 0.934567901234568 0.934567901234568
"208" 1 0.946782178217822 0.946782178217822
"209" 1 0.960559796437659 0.960559796437659
"210" 1 0.993788819875776 0.993788819875776
"211" 1 0.994884910485934 0.994884910485934
"212" 1 0.890818858560794 0.890818858560794
"213" 1 0.886998784933171 0.886998784933171
"214" 1 0.939655172413793 0.939655172413793
"215" 1 0.987357774968394 0.987357774968394
"216" 1 0.955808080808081 0.955808080808081
"217" 1 0.939240506329114 0.939240506329114
"218" 0.927 0.950819672131147 0.880201765447667
"219" 1 0.99874213836478 0.99874213836478
"220" 1 0.992452830188679 0.992452830188679
"221" 1 0.969135802469136 0.969135802469136
"222" 1 1 1
"223" 1 0.990037359900374 0.990037359900374
"224" 1 0.857868020304569 0.857868020304569
"225" 1 0.989949748743719 0.989949748743719
"226" 1 0.965346534653465 0.965346534653465
"227" 1 0.959183673469388 0.959183673469388
"228" 1 0.927044025157233 0.927044025157233
"229" 1 0.974201474201474 0.974201474201474
"230" 1 0.966207759699625 0.966207759699625
"231" 1 0.989962358845671 0.989962358845671
"232" 1 0.990979381443299 0.990979381443299
"233" 1 0.961104140526976 0.961104140526976
"234" 1 0.918238993710692 0.918238993710692
"235" 1 0.881773399014778 0.881773399014778
"236" 1 0.943734015345269 0.943734015345269
"237" 1 0.980319803198032 0.980319803198032
"238" 1 0.914357682619647 0.914357682619647
"239" 1 0.97394540942928 0.97394540942928
"240" 1 0.932367149758454 0.932367149758454
"241" 1 0.98014888337469 0.98014888337469
"242" 1 0.9625 0.9625
"243" 1 0.873152709359606 0.873152709359606
"244" NA NA NA
"245" 1 0.971105527638191 0.971105527638191
"246" 1 0.951653944020356 0.951653944020356
"247" 1 0.928039702233251 0.928039702233251
"248" 1 0.904347826086957 0.904347826086957
"249" 1 0.930825242718447 0.930825242718447
"250" 1 0.92987012987013 0.92987012987013
"251" 1 0.998762376237624 0.998762376237624
"252" 1 0.990159901599016 0.990159901599016
"253" 1 0.97888198757764 0.97888198757764
"254" 1 0.891385767790262 0.891385767790262
"255" 1 0.959183673469388 0.959183673469388
"256" 1 0.983830845771144 0.983830845771144
"257" 1 0.967171717171717 0.967171717171717
"258" 1 0.924969249692497 0.924969249692497
"259" 1 0.990037359900374 0.990037359900374
"260" 1 0.988607594936709 0.988607594936709
"261" 1 0.838709677419355 0.838709677419355
"262" 1 0.976485148514851 0.976485148514851
"263" 1 0.983810709838107 0.983810709838107
"264" 1 0.994974874371859 0.994974874371859
"265" 1 0.998754669987547 0.998754669987547
"266" 1 0.996319018404908 0.996319018404908
"267" 1 0.988847583643123 0.988847583643123
"268" 1 0.972704714640198 0.972704714640198
"269" 1 0.918114143920596 0.918114143920596
"270" 1 0.98125 0.98125
"271" 1 0.990049751243781 0.990049751243781
"272" 1 0.967821782178218 0.967821782178218
"273" 1 0.991082802547771 0.991082802547771
"274" 1 0.890840652446675 0.890840652446675
"275" 1 0.939356435643564 0.939356435643564
"276" 1 0.983709273182957 0.983709273182957
"277" 1 0.978616352201258 0.978616352201258
"278" 0.844 0.976600985221675 0.818965517241379
"279" 1 0.91625 0.91625
"280" 1 0.939130434782609 0.939130434782609
"281" 0.914 0.987546699875467 0.905354919053549
"282" 1 0.869458128078818 0.869458128078818
"283" 1 0.953548387096774 0.953548387096774
"284" 1 0.974489795918367 0.974489795918367
"285" 1 0.967088607594937 0.967088607594937
"286" 1 0.952380952380952 0.952380952380952
"287" 1 0.992638036809816 0.992638036809816
"288" 1 0.982587064676617 0.982587064676617
"289" 1 0.967940813810111 0.967940813810111
"290" 1 0.97921760391198 0.97921760391198
"291" 1 0.934531450577664 0.934531450577664
"292" 1 0.956363636363636 0.956363636363636
"293" 1 0.951219512195122 0.951219512195122
"294" 1 0.956575682382134 0.956575682382134
"295" 1 0.985 0.985
"296" 1 0.953164556962025 0.953164556962025
"297" 1 0.998751560549313 0.998751560549313
"298" 1 0.935242839352428 0.935242839352428
"299" 1 0.973137973137973 0.973137973137973
"300" 1 0.945745992601726 0.945745992601726
"301" 1 0.9514687100894 0.9514687100894
"302" 1 0.933500627352572 0.933500627352572
"303" 1 0.976952624839949 0.976952624839949
"304" 1 0.943349753694581 0.943349753694581
"305" 1 0.900126422250316 0.900126422250316
"306" 1 0.899497487437186 0.899497487437186
"307" 1 0.970775095298602 0.970775095298602
"308" 1 0.954773869346734 0.954773869346734
"309" 1 0.991421568627451 0.991421568627451
"310" 1 0.964601769911504 0.964601769911504
"311" 1 0.940051020408163 0.940051020408163
"312" 1 0.98375 0.98375
"313" 1 0.996188055908513 0.996188055908513
"314" 1 0.83539603960396 0.83539603960396
"315" 0.911 0.935687263556116 0.854981084489281
"316" 1 0.882871536523929 0.882871536523929
"317" 0.868 0.945843828715365 0.819899244332494
"318" 1 0.984829329962073 0.984829329962073
"319" 1 0.935361216730038 0.935361216730038
"320" 1 0.899271844660194 0.899271844660194
"321" 1 0.991282689912827 0.991282689912827
"322" 1 0.943037974683544 0.943037974683544
"323" 1 0.958594730238394 0.958594730238394
"324" 1 0.865384615384615 0.865384615384615
"325" 1 0.966666666666667 0.966666666666667
"326" 1 0.926342072409488 0.926342072409488
"327" 1 0.969249692496925 0.969249692496925
"328" 1 0.956896551724138 0.956896551724138
"329" 1 0.989962358845671 0.989962358845671
"330" 1 0.832718327183272 0.832718327183272
"331" 1 0.998721227621483 0.998721227621483
"332" 1 0.971141781681305 0.971141781681305
"333" 1 0.930607187112763 0.930607187112763
"334" 1 0.943324937027708 0.943324937027708
"335" 1 0.890547263681592 0.890547263681592
"336" 1 0.921717171717172 0.921717171717172
"337" 1 0.962650602409639 0.962650602409639
"338" 1 0.950920245398773 0.950920245398773
"339" 1 0.97944377267231 0.97944377267231
"340" 1 0.992471769134254 0.992471769134254
"341" NA NA NA
"342" 1 0.951066499372647 0.951066499372647
"343" 1 0.93094944512947 0.93094944512947
"344" 1 0.993796526054591 0.993796526054591
"345" 1 0.936567164179104 0.936567164179104
"346" 1 0.992665036674817 0.992665036674817
"347" 1 0.968071519795658 0.968071519795658
"348" 1 0.951492537313433 0.951492537313433
"349" 0.935 0.970406905055487 0.907521578298397
"350" 1 0.881481481481482 0.881481481481482
"351" 1 0.988957055214724 0.988957055214724
"352" 1 0.946979038224414 0.946979038224414
"353" 1 0.901112484548826 0.901112484548826
"354" 1 0.982434127979925 0.982434127979925
"355" 1 0.997557997557998 0.997557997557998
"356" 1 0.957816377171216 0.957816377171216
"357" 1 0.979848866498741 0.979848866498741
"358" 1 0.93849938499385 0.93849938499385
"359" 1 0.975062344139651 0.975062344139651
"360" 0.961 0.954207920792079 0.922029702970297
"361" 1 0.850746268656716 0.850746268656716
"362" 1 0.964512040557668 0.964512040557668
"363" 1 0.941326530612245 0.941326530612245
"364" 1 0.986267166042447 0.986267166042447
"365" 1 0.9975 0.9975
"366" 1 0.945843828715365 0.945843828715365
"367" 0.935 0.940520446096654 0.876084262701363
"368" 1 1 1
"369" 1 0.99625468164794 0.99625468164794
"370" 1 0.945222929936306 0.945222929936306
"371" 1 0.99748743718593 0.99748743718593
"372" 1 0.982716049382716 0.982716049382716
"373" 1 1 1
"374" 1 0.981389578163772 0.981389578163772
"375" 1 0.963010204081633 0.963010204081633
"376" 1 0.917293233082707 0.917293233082707
"377" 1 0.89041095890411 0.89041095890411
"378" 1 0.848293299620733 0.848293299620733
"379" 1 0.98343949044586 0.98343949044586
"380" 1 0.94139650872818 0.94139650872818
"381" 1 0.990062111801242 0.990062111801242
"382" 1 0.970074812967581 0.970074812967581
"383" 1 0.977358490566038 0.977358490566038
"384" 1 0.987452948557089 0.987452948557089
"385" 1 0.989860583016477 0.989860583016477
"386" 1 0.986163522012579 0.986163522012579
"387" 1 0.904820766378245 0.904820766378245
"388" 1 0.98125 0.98125
"389" 1 0.97625 0.97625
"390" 1 0.973384030418251 0.973384030418251
"391" 1 0.965174129353234 0.965174129353234
"392" 1 0.988607594936709 0.988607594936709
"393" 1 0.948783610755442 0.948783610755442
"394" 1 0.978453738910013 0.978453738910013
"395" 1 0.983502538071066 0.983502538071066
"396" 1 0.987775061124694 0.987775061124694
"397" 1 0.994987468671679 0.994987468671679
"398" 1 0.92156862745098 0.92156862745098
"399" 1 0.905852417302799 0.905852417302799
"400" 1 0.983529411764706 0.983529411764706
"401" 0.968 0.982608695652174 0.951552795031056
"402" 1 0.995079950799508 0.995079950799508
"403" 1 0.968314321926489 0.968314321926489
"404" 1 0.996336996336996 0.996336996336996
"405" 1 0.930291508238276 0.930291508238276
"406" 1 0.971604938271605 0.971604938271605
"407" 1 0.937423312883436 0.937423312883436
"408" 1 0.8225 0.8225
"409" 1 0.991432068543452 0.991432068543452
"410" 1 0.880201765447667 0.880201765447667
"411" 0.946 0.97875 0.93
"412" 1 0.958435207823961 0.958435207823961
"413" 1 0.971744471744472 0.971744471744472
"414" 1 0.974651457541191 0.974651457541191
"415" 1 0.877323420074349 0.877323420074349
"416" 1 0.98406862745098 0.98406862745098
"417" 1 0.943609022556391 0.943609022556391
"418" 1 0.992555831265509 0.992555831265509
"419" 1 0.993702770780856 0.993702770780856
"420" 1 0.976714100905563 0.976714100905563
"421" 1 0.992574257425743 0.992574257425743
"422" 1 0.968905472636816 0.968905472636816
"423" 1 0.9225 0.9225
"424" 1 0.942752740560292 0.942752740560292
"425" 1 0.958333333333333 0.958333333333333
"426" 1 0.92713567839196 0.92713567839196
"427" 1 0.966037735849057 0.966037735849057
"428" 1 0.965 0.965
"429" 1 0.976744186046512 0.976744186046512
"430" 1 0.977215189873418 0.977215189873418
"431" 1 0.929016189290162 0.929016189290162
"432" 1 0.892024539877301 0.892024539877301
"433" 1 0.996319018404908 0.996319018404908
"434" 1 0.959902794653706 0.959902794653706
"435" 1 0.941176470588235 0.941176470588235
"436" 1 0.944375772558714 0.944375772558714
"437" 1 0.960099750623441 0.960099750623441
"438" 1 0.925280199252802 0.925280199252802
"439" 1 0.966207759699625 0.966207759699625
"440" 1 0.896551724137931 0.896551724137931
"441" 1 0.980099502487562 0.980099502487562
"442" 1 0.975031210986267 0.975031210986267
"443" 1 0.927318295739348 0.927318295739348
"444" 1 0.982737361282367 0.982737361282367
"445" 1 0.996231155778894 0.996231155778894
"446" 1 0.983606557377049 0.983606557377049
"447" 1 0.964556962025316 0.964556962025316
"448" 1 0.937652811735941 0.937652811735941
"449" 1 0.938064516129032 0.938064516129032
"450" 1 0.981794538361508 0.981794538361508
"451" 1 0.97875 0.97875
"452" 1 0.948297604035309 0.948297604035309
"453" 1 0.991239048811014 0.991239048811014
"454" 0.991 0.917407878017789 0.909783989834816
"455" 1 0.935606060606061 0.935606060606061
"456" 1 0.996323529411765 0.996323529411765
"457" 1 0.975979772439949 0.975979772439949
"458" 1 0.972805933250927 0.972805933250927
"459" 1 0.996300863131936 0.996300863131936
"460" 1 0.979899497487437 0.979899497487437
"461" 1 0.878671775223499 0.878671775223499
"462" 1 0.95868772782503 0.95868772782503
"463" 1 0.955390334572491 0.955390334572491
"464" 1 0.866161616161616 0.866161616161616
"465" 1 0.959026888604353 0.959026888604353
"466" 1 0.92984693877551 0.92984693877551
"467" 1 0.989987484355444 0.989987484355444
"468" 1 0.980440097799511 0.980440097799511
"469" 1 0.832911392405063 0.832911392405063
"470" 1 0.983688833124216 0.983688833124216
"471" 1 0.95083932853717 0.95083932853717
"472" 1 0.941323345817728 0.941323345817728
"473" 1 0.932996207332491 0.932996207332491
"474" 1 0.893643031784841 0.893643031784841
"475" 1 0.982758620689655 0.982758620689655
"476" 1 0.975757575757576 0.975757575757576
"477" 1 0.93213828425096 0.93213828425096
"478" 1 0.9812734082397 0.9812734082397
"479" 1 0.974358974358974 0.974358974358974
"480" 1 0.915693904020752 0.915693904020752
"481" 1 0.922208281053952 0.922208281053952
"482" 1 0.885749385749386 0.885749385749386
"483" 0.837 0.965952080706179 0.809583858764187
"484" 1 0.942675159235669 0.942675159235669
"485" 1 0.918518518518519 0.918518518518519
"486" 1 0.96875 0.96875
"487" 1 0.962287104622871 0.962287104622871
"488" NA NA NA
"489" 1 0.995092024539877 0.995092024539877
"490" 1 0.936645962732919 0.936645962732919
"491" 1 0.93734335839599 0.93734335839599
"492" 1 0.971428571428571 0.971428571428571
"493" 0.904 0.983523447401774 0.892268694550063
"494" 1 0.930521091811414 0.930521091811414
"495" 1 0.997549019607843 0.997549019607843
"496" 1 0.956736711990111 0.956736711990111
"497" 1 0.909987669543773 0.909987669543773
"498" 1 0.897243107769424 0.897243107769424
"499" 1 0.973518284993695 0.973518284993695
"500" 1 0.904228855721393 0.904228855721393
"501" 1 0.969230769230769 0.969230769230769
"502" 1 0.973913043478261 0.973913043478261
"503" 1 0.990159901599016 0.990159901599016
"504" 1 0.923357664233577 0.923357664233577
"505" 1 0.922305764411028 0.922305764411028
"506" 1 0.921641791044776 0.921641791044776
"507" 1 0.979924717691342 0.979924717691342
"508" 1 0.964197530864198 0.964197530864198
"509" 1 0.946115288220551 0.946115288220551
"510" 1 0.939281288723668 0.939281288723668
"511" 1 0.99501246882793 0.99501246882793
"512" 1 0.954433497536946 0.954433497536946
"513" 1 0.996309963099631 0.996309963099631
"514" 1 0.884856070087609 0.884856070087609
"515" 1 0.995024875621891 0.995024875621891
"516" 1 0.957002457002457 0.957002457002457
"517" 1 0.959608323133415 0.959608323133415
"518" 1 0.990012484394507 0.990012484394507
"519" 1 0.978670012547051 0.978670012547051
"520" 1 0.987212276214834 0.987212276214834
"521" 1 0.983930778739184 0.983930778739184
"522" 1 0.985074626865672 0.985074626865672
"523" 1 0.911764705882353 0.911764705882353
"524" 1 0.981435643564356 0.981435643564356
"525" 1 0.958490566037736 0.958490566037736
"526" 1 0.939431396786156 0.939431396786156
"527" 1 0.998756218905473 0.998756218905473
"528" 1 1 1
"529" 1 0.98876404494382 0.98876404494382
"530" 1 0.975578406169666 0.975578406169666
"531" 0.809 0.977070063694268 0.792356687898089
"532" 1 0.996291718170581 0.996291718170581
"533" 1 0.98125 0.98125
"534" 1 0.957055214723926 0.957055214723926
"535" 1 0.950678175092478 0.950678175092478
"536" 1 0.902589395807645 0.902589395807645
"537" 1 0.894607843137255 0.894607843137255
"538" 1 0.949194547707559 0.949194547707559
"539" 1 0.927095990279465 0.927095990279465
"540" 1 0.935849056603774 0.935849056603774
"541" 1 0.979012345679012 0.979012345679012
"542" 1 0.986146095717884 0.986146095717884
"543" 1 0.960975609756098 0.960975609756098
"544" 1 0.950542822677925 0.950542822677925
"545" 1 0.951837769328264 0.951837769328264
"546" 1 0.94320987654321 0.94320987654321
"547" 1 0.920554854981084 0.920554854981084
"548" 1 0.926708074534161 0.926708074534161
"549" 1 0.851522842639594 0.851522842639594
"550" 1 0.892288861689106 0.892288861689106
"551" 1 0.886138613861386 0.886138613861386
"552" 1 0.953223767383059 0.953223767383059
"553" 0.976 0.99625 0.97125
"554" 1 0.969135802469136 0.969135802469136
"555" 1 0.982651796778191 0.982651796778191
"556" 1 0.866920152091255 0.866920152091255
"557" 1 0.923456790123457 0.923456790123457
"558" 1 0.944852941176471 0.944852941176471
"559" 1 0.894604767879548 0.894604767879548
"560" 0.973 0.948035487959442 0.920152091254753
"561" 1 0.934447300771208 0.934447300771208
"562" 1 0.986146095717884 0.986146095717884
"563" 1 0.893805309734513 0.893805309734513
"564" 1 0.957605985037406 0.957605985037406
"565" 1 0.891139240506329 0.891139240506329
"566" 1 0.847394540942928 0.847394540942928
"567" 1 1 1
"568" 1 0.935403726708074 0.935403726708074
"569" 1 0.962358845671267 0.962358845671267
"570" 1 0.981707317073171 0.981707317073171
"571" 1 0.962732919254658 0.962732919254658
"572" 1 0.949068322981366 0.949068322981366
"573" 1 0.942046855733662 0.942046855733662
"574" 1 0.941463414634146 0.941463414634146
"575" 1 0.984962406015038 0.984962406015038
"576" 1 0.945945945945946 0.945945945945946
"577" 1 0.971499380421313 0.971499380421313
"578" 1 0.998722860791826 0.998722860791826
"579" 1 0.953905249679898 0.953905249679898
"580" 1 0.91460396039604 0.91460396039604
"581" 1 0.977750309023486 0.977750309023486
"582" 1 0.996332518337408 0.996332518337408
"583" 1 0.927109974424552 0.927109974424552
"584" 1 0.971882640586797 0.971882640586797
"585" 1 0.91625 0.91625
"586" 1 0.981435643564356 0.981435643564356
"587" 1 0.981036662452592 0.981036662452592
"588" 1 0.957553058676654 0.957553058676654
"589" 0.819 0.996197718631179 0.814955640050697
"590" 1 0.996309963099631 0.996309963099631
"591" 1 0.975888324873096 0.975888324873096
"592" 1 0.958333333333333 0.958333333333333
"593" 1 0.882278481012658 0.882278481012658
"594" 1 0.973618090452261 0.973618090452261
"595" 1 0.972704714640198 0.972704714640198
"596" 1 0.988984088127295 0.988984088127295
"597" 1 0.987745098039216 0.987745098039216
"598" 1 0.981296758104738 0.981296758104738
"599" 1 0.976190476190476 0.976190476190476
"600" 1 0.912060301507538 0.912060301507538
"601" 1 0.921717171717172 0.921717171717172
"602" 1 0.956204379562044 0.956204379562044
"603" 1 0.99125 0.99125
"604" 1 0.967295597484277 0.967295597484277
"605" 1 0.977611940298508 0.977611940298508
"606" 1 0.996341463414634 0.996341463414634
"607" 1 0.995110024449878 0.995110024449878
"608" 1 0.925316455696203 0.925316455696203
"609" 1 0.919374247894103 0.919374247894103
"610" 0.981 0.95357590966123 0.934755332496863
"611" 1 0.975550122249389 0.975550122249389
"612" 1 0.942428035043805 0.942428035043805
"613" 1 0.934177215189873 0.934177215189873
"614" 1 0.906290115532734 0.906290115532734
"615" 1 0.975124378109453 0.975124378109453
"616" 1 0.976190476190476 0.976190476190476
"617" 1 0.972939729397294 0.972939729397294
"618" 1 0.972327044025157 0.972327044025157
"619" 1 0.890166028097063 0.890166028097063
"620" 1 0.915841584158416 0.915841584158416
"621" 1 0.923175416133163 0.923175416133163
"622" 1 0.977667493796526 0.977667493796526
"623" 1 0.940813810110974 0.940813810110974
"624" 1 0.82256020278834 0.82256020278834
"625" 1 0.936352509179927 0.936352509179927
"626" 0.96 0.913705583756345 0.883248730964467
"627" 1 0.931540342298289 0.931540342298289
"628" 1 0.99 0.99
"629" 1 0.971674876847291 0.971674876847291
"630" NA NA NA
"631" 1 0.972187104930468 0.972187104930468
"632" 1 0.997458703939009 0.997458703939009
"633" 1 0.965978128797084 0.965978128797084
"634" 0.951 0.696296296296296 0.659259259259259
"635" 1 0.897755610972569 0.897755610972569
"636" 1 0.8575 0.8575
"637" 1 0.906172839506173 0.906172839506173
"638" 1 1 1
"639" 1 0.963325183374083 0.963325183374083
"640" 1 0.964868255959849 0.964868255959849
"641" 1 0.966292134831461 0.966292134831461
"642" 1 0.967295597484277 0.967295597484277
"643" 1 0.99626400996264 0.99626400996264
"644" 1 0.996212121212121 0.996212121212121
"645" 1 0.91304347826087 0.91304347826087
"646" 1 0.97012987012987 0.97012987012987
"647" 0.873 0.895939086294416 0.779187817258883
"648" 1 0.880803011292346 0.880803011292346
"649" 1 0.904109589041096 0.904109589041096
"650" 1 0.992395437262357 0.992395437262357
"651" 1 0.998789346246973 0.998789346246973
"652" 1 0.993781094527363 0.993781094527363
"653" 1 0.973782771535581 0.973782771535581
"654" 1 0.943349753694581 0.943349753694581
"655" 1 0.97921760391198 0.97921760391198
"656" 1 0.842964824120603 0.842964824120603
"657" 1 0.9675 0.9675
"658" 1 0.963985594237695 0.963985594237695
"659" 1 0.862282878411911 0.862282878411911
"660" 1 0.981981981981982 0.981981981981982
"661" 0.992 0.974137931034483 0.964285714285714
"662" 1 1 1
"663" 1 0.986111111111111 0.986111111111111
"664" 1 0.931472081218274 0.931472081218274
"665" 1 0.991282689912827 0.991282689912827
"666" 1 0.983770287141074 0.983770287141074
"667" 1 0.95125 0.95125
"668" 1 0.988621997471555 0.988621997471555
"669" 1 0.975278121137206 0.975278121137206
"670" 0.94 0.923772609819121 0.864341085271318
"671" 1 0.957908163265306 0.957908163265306
"672" 1 0.961104140526976 0.961104140526976
"673" 1 0.93849938499385 0.93849938499385
"674" 1 0.991260923845193 0.991260923845193
"675" 1 0.969211822660099 0.969211822660099
"676" 1 0.950381679389313 0.950381679389313
"677" 0.984 0.976456009913259 0.960346964064436
"678" 1 0.963244613434727 0.963244613434727
"679" 1 0.946291560102302 0.946291560102302
"680" 1 0.951310861423221 0.951310861423221
"681" 1 0.95741935483871 0.95741935483871
"682" 1 0.930025445292621 0.930025445292621
"683" 1 0.993757802746567 0.993757802746567
"684" 1 0.978589420654912 0.978589420654912
"685" 1 0.964868255959849 0.964868255959849
"686" 1 0.996178343949045 0.996178343949045
"687" 1 0.996207332490518 0.996207332490518
"688" 1 0.980271270036991 0.980271270036991
"689" 0.916 0.954887218045113 0.87719298245614
"690" 1 0.896683673469388 0.896683673469388
"691" 1 0.9923273657289 0.9923273657289
"692" 1 0.963476070528967 0.963476070528967
"693" 1 0.996197718631179 0.996197718631179
"694" 1 0.916344916344916 0.916344916344916
"695" 1 0.957232704402516 0.957232704402516
"696" 1 0.933915211970075 0.933915211970075
"697" 1 0.953667953667954 0.953667953667954
"698" 1 0.959309494451295 0.959309494451295
"699" 1 0.997524752475248 0.997524752475248
"700" 1 0.997458703939009 0.997458703939009
"701" 1 0.934729064039409 0.934729064039409
"702" 1 0.965994962216625 0.965994962216625
"703" 1 0.965644171779141 0.965644171779141
"704" 1 0.939163498098859 0.939163498098859
"705" 1 0.986180904522613 0.986180904522613
"706" 1 0.933997509339975 0.933997509339975
"707" 1 0.986198243412798 0.986198243412798
"708" 1 0.972772277227723 0.972772277227723
"709" 1 0.972465581977472 0.972465581977472
"710" 1 0.955128205128205 0.955128205128205
"711" 1 0.989010989010989 0.989010989010989
"712" 1 0.962378640776699 0.962378640776699
"713" 1 0.972704714640198 0.972704714640198
"714" 1 0.93855421686747 0.93855421686747
"715" 1 0.98125 0.98125
"716" 1 0.945341614906832 0.945341614906832
"717" 1 0.943960149439601 0.943960149439601
"718" 1 0.970074812967581 0.970074812967581
"719" 1 0.857142857142857 0.857142857142857
"720" 0.845 0.97625 0.82125
"721" 1 0.970443349753695 0.970443349753695
"722" 1 0.996108949416342 0.996108949416342
"723" 1 0.94478527607362 0.94478527607362
"724" 1 0.835633626097867 0.835633626097867
"725" 1 0.936224489795918 0.936224489795918
"726" 1 0.967781908302354 0.967781908302354
"727" 1 0.977186311787072 0.977186311787072
"728" 1 0.969849246231156 0.969849246231156
"729" 1 0.911801242236025 0.911801242236025
"730" 1 0.936488169364882 0.936488169364882
"731" 1 0.94944512946979 0.94944512946979
"732" 1 1 1
"733" 1 0.971848225214198 0.971848225214198
"734" 1 0.963446475195822 0.963446475195822
"735" 1 0.8825 0.8825
"736" 1 0.984415584415584 0.984415584415584
"737" 1 0.966625463535229 0.966625463535229
"738" 1 0.85971685971686 0.85971685971686
"739" 1 0.943109987357775 0.943109987357775
"740" 1 0.939974457215837 0.939974457215837
"741" 1 0.974358974358974 0.974358974358974
"742" 1 0.979012345679012 0.979012345679012
"743" 1 0.962515114873035 0.962515114873035
"744" 1 0.966165413533835 0.966165413533835
"745" 1 0.974937343358396 0.974937343358396
"746" 1 0.949367088607595 0.949367088607595
"747" 1 0.98625 0.98625
"748" 1 0.995043370508054 0.995043370508054
"749" 1 0.963197969543147 0.963197969543147
"750" 1 0.94875 0.94875
"751" 1 0.838630806845966 0.838630806845966
"752" 1 0.879708383961118 0.879708383961118
"753" 1 0.94320987654321 0.94320987654321
"754" 1 0.948621553884712 0.948621553884712
"755" 1 0.977695167286245 0.977695167286245
"756" 1 0.80964153275649 0.80964153275649
"757" 1 0.906519065190652 0.906519065190652
"758" 1 0.983729662077597 0.983729662077597
"759" 1 0.996268656716418 0.996268656716418
"760" 1 0.991336633663366 0.991336633663366
"761" 1 0.982412060301508 0.982412060301508
"762" 1 0.976863753213368 0.976863753213368
"763" 1 0.991002570694087 0.991002570694087
"764" 0.843 1 0.84070796460177
"765" 1 1 1
"766" 1 0.943558282208589 0.943558282208589
"767" 1 0.959006211180124 0.959006211180124
"768" 1 0.899014778325123 0.899014778325123
"769" 1 0.951851851851852 0.951851851851852
"770" 1 0.936788874841972 0.936788874841972
"771" 1 0.941323345817728 0.941323345817728
"772" 1 0.980368098159509 0.980368098159509
"773" 1 0.965217391304348 0.965217391304348
"774" 1 0.942714819427148 0.942714819427148
"775" 1 0.978616352201258 0.978616352201258
"776" 0.997 1 0.996212121212121
"777" 1 0.935723114956737 0.935723114956737
"778" 1 0.975186104218362 0.975186104218362
"779" 1 0.98876404494382 0.98876404494382
"780" 1 0.985185185185185 0.985185185185185
"781" 1 0.991172761664565 0.991172761664565
"782" 1 0.98234552332913 0.98234552332913
"783" 1 0.998743718592965 0.998743718592965
"784" 1 0.962311557788945 0.962311557788945
"785" 1 0.9675 0.9675
"786" 1 0.986318407960199 0.986318407960199
"787" 1 0.934508816120907 0.934508816120907
"788" 1 0.905707196029777 0.905707196029777
"789" 1 0.91 0.91
"790" 1 0.987654320987654 0.987654320987654
"791" 1 0.922789539227895 0.922789539227895
"792" 1 0.927590511860175 0.927590511860175
"793" 1 0.952912019826518 0.952912019826518
"794" 1 0.931623931623932 0.931623931623932
"795" 1 0.975857687420585 0.975857687420585
"796" 1 0.833746898263027 0.833746898263027
"797" 1 0.970437017994859 0.970437017994859
"798" 1 0.955808080808081 0.955808080808081
"799" 1 0.968592964824121 0.968592964824121
"800" 1 0.98046398046398 0.98046398046398
"801" 1 0.982543640897756 0.982543640897756
"802" 1 0.967866323907455 0.967866323907455
"803" 1 0.992433795712484 0.992433795712484
"804" 1 0.958698372966208 0.958698372966208
"805" 1 0.9425 0.9425
"806" 1 0.947236180904523 0.947236180904523
"807" 1 0.939470365699874 0.939470365699874
"808" 1 0.977859778597786 0.977859778597786
"809" 1 0.9875 0.9875
"810" 1 0.941176470588235 0.941176470588235
"811" 1 0.973684210526316 0.973684210526316
"812" 1 0.937037037037037 0.937037037037037
"813" 1 0.968215158924205 0.968215158924205
"814" 1 0.947770700636943 0.947770700636943
"815" 1 0.971177944862155 0.971177944862155
"816" 1 0.973913043478261 0.973913043478261
"817" 1 0.977859778597786 0.977859778597786
"818" 0.966 0.985257985257985 0.955773955773956
"819" 1 0.911727616645649 0.911727616645649
"820" 1 0.991105463786531 0.991105463786531
"821" 1 0.934889434889435 0.934889434889435
"822" 1 0.964102564102564 0.964102564102564
"823" 1 1 1
"824" 1 0.963795255930087 0.963795255930087
"825" 1 0.965174129353234 0.965174129353234
"826" 1 0.946317103620474 0.946317103620474
"827" 1 0.956907477820025 0.956907477820025
"828" 1 0.88212927756654 0.88212927756654
"829" 1 0.890724269377382 0.890724269377382
"830" 1 0.998729351969504 0.998729351969504
"831" 1 0.966019417475728 0.966019417475728
"832" 1 0.983910891089109 0.983910891089109
"833" 1 0.957920792079208 0.957920792079208
"834" 1 0.960559796437659 0.960559796437659
"835" 1 1 1
"836" 1 0.83 0.83
"837" 1 0.99017199017199 0.99017199017199
"838" 1 0.944862155388471 0.944862155388471
"839" 1 0.93780487804878 0.93780487804878
"840" 1 0.925974025974026 0.925974025974026
"841" 1 0.916981132075472 0.916981132075472
"842" 0.983 0.929368029739777 0.91449814126394
"843" 1 0.997439180537772 0.997439180537772
"844" 1 0.987546699875467 0.987546699875467
"845" 1 0.982694684796044 0.982694684796044
"846" 1 0.989037758830694 0.989037758830694
"847" 1 0.949874686716792 0.949874686716792
"848" 0.883 0.995098039215686 0.876225490196078
"849" 1 0.924112607099143 0.924112607099143
"850" 1 0.945911949685535 0.945911949685535
"851" 1 0.889029003783102 0.889029003783102
"852" 1 0.936585365853659 0.936585365853659
"853" 1 0.941323345817728 0.941323345817728
"854" 1 0.994878361075544 0.994878361075544
"855" 1 0.990062111801242 0.990062111801242
"856" 1 0.981389578163772 0.981389578163772
"857" 1 0.990074441687345 0.990074441687345
"858" 1 0.939698492462312 0.939698492462312
"859" 1 0.97724399494311 0.97724399494311
"860" 1 0.89707750952986 0.89707750952986
"861" 0.771 0.938209331651955 0.721311475409836
"862" 1 1 1
"863" 1 0.954264524103832 0.954264524103832
"864" 1 0.974457215836526 0.974457215836526
"865" 1 0.988819875776398 0.988819875776398
"866" 1 0.889312977099237 0.889312977099237
"867" 1 0.939897698209719 0.939897698209719
"868" 1 0.971069182389937 0.971069182389937
"869" 1 0.966122961104141 0.966122961104141
"870" NA NA NA
"871" 1 0.93849938499385 0.93849938499385
"872" 1 0.995018679950187 0.995018679950187
"873" 1 0.94125159642401 0.94125159642401
"874" 1 0.968253968253968 0.968253968253968
"875" 1 0.959697732997481 0.959697732997481
"876" 1 0.988847583643123 0.988847583643123
"877" 1 0.877987421383648 0.877987421383648
"878" 1 0.932245922208281 0.932245922208281
"879" 1 0.944306930693069 0.944306930693069
"880" 1 0.881761006289308 0.881761006289308
"881" 1 0.983290488431877 0.983290488431877
"882" 1 0.896120150187735 0.896120150187735
"883" 1 0.94625 0.94625
"884" 1 0.916145181476846 0.916145181476846
"885" 1 0.784557907845579 0.784557907845579
"886" 1 0.990967741935484 0.990967741935484
"887" 1 0.956467661691542 0.956467661691542
"888" 1 1 1
"889" 1 0.992518703241895 0.992518703241895
"890" 1 0.909203980099503 0.909203980099503
"891" 1 0.979974968710889 0.979974968710889
"892" 1 0.948941469489415 0.948941469489415
"893" 1 0.938053097345133 0.938053097345133
"894" 1 0.877600979192167 0.877600979192167
"895" 1 0.931034482758621 0.931034482758621
"896" 1 0.941323345817728 0.941323345817728
"897" 1 0.985951468710089 0.985951468710089
"898" 1 0.937956204379562 0.937956204379562
"899" 1 0.978934324659232 0.978934324659232
"900" 1 0.968561064087062 0.968561064087062
"901" 1 0.936708860759494 0.936708860759494
"902" 1 0.979874213836478 0.979874213836478
"903" 1 0.985037406483791 0.985037406483791
"904" 1 0.913730255164034 0.913730255164034
"905" 0.942 0.968354430379747 0.913924050632911
"906" 1 0.955555555555556 0.955555555555556
"907" 1 0.900867410161091 0.900867410161091
"908" 1 0.989886219974716 0.989886219974716
"909" 1 0.984615384615385 0.984615384615385
"910" 1 0.982822085889571 0.982822085889571
"911" 1 0.942675159235669 0.942675159235669
"912" 1 0.938650306748466 0.938650306748466
"913" 1 0.885350318471338 0.885350318471338
"914" 1 0.975278121137206 0.975278121137206
"915" 1 0.95357590966123 0.95357590966123
"916" 1 0.99375 0.99375
"917" 1 0.968982630272953 0.968982630272953
"918" 1 0.914893617021277 0.914893617021277
"919" 1 0.997524752475248 0.997524752475248
"920" 1 0.95970695970696 0.95970695970696
"921" 1 0.972431077694236 0.972431077694236
"922" 1 0.987515605493134 0.987515605493134
"923" 1 0.969887076537014 0.969887076537014
"924" 1 0.982256020278834 0.982256020278834
"925" 1 0.987325728770596 0.987325728770596
"926" 1 0.732587064676617 0.732587064676617
"927" NA NA NA
"928" 1 0.969924812030075 0.969924812030075
"929" 1 0.948253557567917 0.948253557567917
"930" 1 0.974715549936789 0.974715549936789
"931" 1 0.990074441687345 0.990074441687345
"932" 1 0.985365853658537 0.985365853658537
"933" 1 1 1
"934" 1 0.898241206030151 0.898241206030151
"935" 1 0.906210392902408 0.906210392902408
"936" 1 0.951612903225806 0.951612903225806
"937" 1 0.98343949044586 0.98343949044586
"938" 1 0.972010178117048 0.972010178117048
"939" 1 0.99873417721519 0.99873417721519
"940" 1 0.991116751269036 0.991116751269036
"941" 1 0.983523447401774 0.983523447401774
"942" 1 0.975918884664132 0.975918884664132
"943" 1 0.992337164750958 0.992337164750958
"944" 1 0.94124847001224 0.94124847001224
"945" 1 0.952853598014888 0.952853598014888
"946" 1 0.897304236200257 0.897304236200257
"947" 1 0.896168108776267 0.896168108776267
"948" 1 0.987562189054726 0.987562189054726
"949" 1 0.976190476190476 0.976190476190476
"950" 1 0.951837769328264 0.951837769328264
"951" 1 0.975124378109453 0.975124378109453
"952" 1 0.980099502487562 0.980099502487562
"953" 1 0.988875154511743 0.988875154511743
"954" 1 0.994930291508238 0.994930291508238
"955" 1 0.92450495049505 0.92450495049505
"956" 1 0.955223880597015 0.955223880597015
"957" 1 1 1
"958" 1 0.916145181476846 0.916145181476846
"959" 0.866 0.955445544554455 0.820544554455445
"960" 1 0.97375 0.97375
"961" 1 0.944444444444444 0.944444444444444
"962" 1 0.968176254589963 0.968176254589963
"963" 1 0.98879202988792 0.98879202988792
"964" 1 0.944931163954944 0.944931163954944
"965" 1 0.95776397515528 0.95776397515528
"966" 1 0.975429975429975 0.975429975429975
"967" 1 0.990184049079755 0.990184049079755
"968" 1 0.981707317073171 0.981707317073171
"969" 1 0.95343137254902 0.95343137254902
"970" 1 0.970037453183521 0.970037453183521
"971" 1 0.975490196078431 0.975490196078431
"972" 1 0.963104325699746 0.963104325699746
"973" 1 0.98719590268886 0.98719590268886
"974" 1 0.979924717691342 0.979924717691342
"975" 1 0.96875 0.96875
"976" 1 0.932752179327522 0.932752179327522
"977" 1 0.970074812967581 0.970074812967581
"978" 1 0.992462311557789 0.992462311557789
"979" 1 0.961869618696187 0.961869618696187
"980" 1 0.960659898477157 0.960659898477157
"981" 1 0.956030150753769 0.956030150753769
"982" 1 0.919454770755886 0.919454770755886
"983" 1 0.989974937343358 0.989974937343358
"984" 1 0.975247524752475 0.975247524752475
"985" 1 0.987775061124694 0.987775061124694
"986" 1 0.971285892634207 0.971285892634207
"987" 1 0.998765432098765 0.998765432098765
"988" 1 0.927429274292743 0.927429274292743
"989" 1 0.96441717791411 0.96441717791411
"990" 1 0.881163084702908 0.881163084702908
"991" 1 0.962264150943396 0.962264150943396
"992" 1 0.965087281795511 0.965087281795511
"993" 1 0.944862155388471 0.944862155388471
"994" 1 0.910691823899371 0.910691823899371
"995" 1 0.89281210592686 0.89281210592686
"996" 1 0.931818181818182 0.931818181818182
"997" 1 0.975186104218362 0.975186104218362
"998" 1 0.950695322376738 0.950695322376738
"999" 1 0.91796875 0.91796875
"1000" 1 0.96168108776267 0.96168108776267
