"V1" "V2" "V3"
"1" 0.754 1 0.806748466257669
"2" 1 0.987460815047022 0.987460815047022
"3" 1 0.95859872611465 0.95859872611465
"4" 0.96 0.975384615384615 0.950769230769231
"5" 1 0.889632107023411 0.889632107023411
"6" 1 0.974358974358974 0.974358974358974
"7" 1 0.984894259818731 0.984894259818731
"8" 1 0.963815789473684 0.963815789473684
"9" 1 0.968354430379747 0.968354430379747
"10" 1 0.973856209150327 0.973856209150327
"11" 1 0.974921630094044 0.974921630094044
"12" 1 0.976331360946746 0.976331360946746
"13" 1 0.990909090909091 0.990909090909091
"14" 1 0.993939393939394 0.993939393939394
"15" 1 0.965079365079365 0.965079365079365
"16" 1 0.924471299093656 0.924471299093656
"17" 1 0.917721518987342 0.917721518987342
"18" 1 0.980582524271845 0.980582524271845
"19" 1 0.952802359882006 0.952802359882006
"20" 1 0.950155763239875 0.950155763239875
"21" 1 0.981012658227848 0.981012658227848
"22" 1 0.975975975975976 0.975975975975976
"23" 1 1 1
"24" 1 0.937694704049844 0.937694704049844
"25" 1 0.948948948948949 0.948948948948949
"26" 1 0.971518987341772 0.971518987341772
"27" 1 0.953216374269006 0.953216374269006
"28" 1 0.978056426332288 0.978056426332288
"29" 1 0.919254658385093 0.919254658385093
"30" 1 0.95859872611465 0.95859872611465
"31" 0.952 0.928348909657321 0.909657320872274
"32" 1 0.761329305135952 0.761329305135952
"33" 1 0.993670886075949 0.993670886075949
"34" 1 0.954407294832827 0.954407294832827
"35" 1 0.975903614457831 0.975903614457831
"36" 1 0.966101694915254 0.966101694915254
"37" 1 0.952076677316294 0.952076677316294
"38" 1 0.938650306748466 0.938650306748466
"39" 1 0.962616822429907 0.962616822429907
"40" 1 0.99390243902439 0.99390243902439
"41" 1 0.959501557632399 0.959501557632399
"42" 1 0.980769230769231 0.980769230769231
"43" 1 0.917933130699088 0.917933130699088
"44" 1 1 1
"45" 1 0.971153846153846 0.971153846153846
"46" 1 0.936305732484076 0.936305732484076
"47" 1 0.93167701863354 0.93167701863354
"48" 1 0.978193146417445 0.978193146417445
"49" 1 0.994011976047904 0.994011976047904
"50" 1 0.939102564102564 0.939102564102564
"51" 0.998 0.952662721893491 0.949704142011834
"52" 1 0.921875 0.921875
"53" 1 0.987012987012987 0.987012987012987
"54" 1 0.976897689768977 0.976897689768977
"55" 1 0.955752212389381 0.955752212389381
"56" 1 0.943521594684385 0.943521594684385
"57" 1 0.901538461538462 0.901538461538462
"58" 1 1 1
"59" 1 0.943217665615142 0.943217665615142
"60" 1 0.910596026490066 0.910596026490066
"61" 1 0.99375 0.99375
"62" 1 0.996845425867508 0.996845425867508
"63" 1 0.958730158730159 0.958730158730159
"64" 0.96 1 0.974522292993631
"65" 1 0.941558441558442 0.941558441558442
"66" 1 0.967845659163987 0.967845659163987
"67" 1 0.944272445820433 0.944272445820433
"68" 1 0.993769470404984 0.993769470404984
"69" 1 0.996825396825397 0.996825396825397
"70" 1 0.942675159235669 0.942675159235669
"71" 1 0.921135646687697 0.921135646687697
"72" 1 0.899686520376176 0.899686520376176
"73" 1 0.878048780487805 0.878048780487805
"74" 1 0.983870967741935 0.983870967741935
"75" 1 0.959247648902821 0.959247648902821
"76" 1 0.969325153374233 0.969325153374233
"77" 1 0.986111111111111 0.986111111111111
"78" 1 0.963076923076923 0.963076923076923
"79" 1 0.954819277108434 0.954819277108434
"80" 1 1 1
"81" 1 0.959183673469388 0.959183673469388
"82" 1 0.990066225165563 0.990066225165563
"83" 1 0.848387096774194 0.848387096774194
"84" 1 0.935064935064935 0.935064935064935
"85" 1 0.917763157894737 0.917763157894737
"86" 1 0.903726708074534 0.903726708074534
"87" 1 0.950331125827815 0.950331125827815
"88" 0.868 0.961805555555556 0.881944444444444
"89" 1 0.993506493506494 0.993506493506494
"90" 1 0.954838709677419 0.954838709677419
"91" 1 0.886731391585761 0.886731391585761
"92" 1 0.912621359223301 0.912621359223301
"93" 1 0.960132890365448 0.960132890365448
"94" 0.836 0.944078947368421 0.838815789473684
"95" 1 0.967845659163987 0.967845659163987
"96" 1 0.938511326860841 0.938511326860841
"97" 1 0.932692307692308 0.932692307692308
"98" 1 0.8625 0.8625
"99" 1 0.962025316455696 0.962025316455696
"100" 1 0.976047904191617 0.976047904191617
"101" 1 0.97196261682243 0.97196261682243
"102" 1 0.987381703470032 0.987381703470032
"103" 1 0.962382445141066 0.962382445141066
"104" 1 0.948640483383686 0.948640483383686
"105" 1 0.949101796407186 0.949101796407186
"106" 1 0.964401294498382 0.964401294498382
"107" 1 0.957186544342508 0.957186544342508
"108" 0.936 0.976744186046512 0.927325581395349
"109" 1 0.988636363636364 0.988636363636364
"110" 1 0.943217665615142 0.943217665615142
"111" 1 0.925816023738872 0.925816023738872
"112" 1 0.990654205607477 0.990654205607477
"113" 1 1 1
"114" NA NA NA
"115" 1 0.993670886075949 0.993670886075949
"116" 1 0.921311475409836 0.921311475409836
"117" 1 0.888524590163934 0.888524590163934
"118" 1 0.967320261437909 0.967320261437909
"119" 1 0.950155763239875 0.950155763239875
"120" 1 0.893890675241158 0.893890675241158
"121" 1 0.925925925925926 0.925925925925926
"122" 1 0.942942942942943 0.942942942942943
"123" 1 0.975155279503106 0.975155279503106
"124" 1 0.965299684542587 0.965299684542587
"125" 1 0.945205479452055 0.945205479452055
"126" 1 0.940438871473354 0.940438871473354
"127" 1 0.970238095238095 0.970238095238095
"128" 1 0.901898734177215 0.901898734177215
"129" 0.814 0.97411003236246 0.825242718446602
"130" 1 0.928104575163399 0.928104575163399
"131" 1 0.996805111821086 0.996805111821086
"132" 1 0.969135802469136 0.969135802469136
"133" 1 0.978193146417445 0.978193146417445
"134" 1 0.942424242424242 0.942424242424242
"135" 1 0.993865030674847 0.993865030674847
"136" 1 1 1
"137" 1 0.978260869565217 0.978260869565217
"138" 1 0.889240506329114 0.889240506329114
"139" 1 0.870481927710843 0.870481927710843
"140" 1 0.949044585987261 0.949044585987261
"141" 1 0.965408805031447 0.965408805031447
"142" 1 0.917647058823529 0.917647058823529
"143" 1 0.990990990990991 0.990990990990991
"144" 1 0.941935483870968 0.941935483870968
"145" 1 0.95046439628483 0.95046439628483
"146" 1 0.994082840236686 0.994082840236686
"147" 1 0.974358974358974 0.974358974358974
"148" 1 0.938271604938272 0.938271604938272
"149" 1 0.944606413994169 0.944606413994169
"150" 1 0.961538461538462 0.961538461538462
"151" 1 0.996563573883162 0.996563573883162
"152" 1 0.983974358974359 0.983974358974359
"153" 1 0.962145110410095 0.962145110410095
"154" 1 0.990654205607477 0.990654205607477
"155" 1 0.993548387096774 0.993548387096774
"156" 1 0.922330097087379 0.922330097087379
"157" 1 0.983870967741935 0.983870967741935
"158" 1 0.872670807453416 0.872670807453416
"159" 1 0.954545454545455 0.954545454545455
"160" 1 0.984227129337539 0.984227129337539
"161" 1 1 1
"162" 1 1 1
"163" 0.94 0.900311526479751 0.875389408099688
"164" NA NA NA
"165" 1 0.978787878787879 0.978787878787879
"166" 1 0.884498480243161 0.884498480243161
"167" 1 0.886627906976744 0.886627906976744
"168" 1 0.908536585365854 0.908536585365854
"169" 1 0.987220447284345 0.987220447284345
"170" 1 0.971518987341772 0.971518987341772
"171" 1 0.987654320987654 0.987654320987654
"172" 1 0.847560975609756 0.847560975609756
"173" 1 0.910828025477707 0.910828025477707
"174" 1 1 1
"175" 1 0.904153354632588 0.904153354632588
"176" 1 0.987616099071207 0.987616099071207
"177" 1 0.99390243902439 0.99390243902439
"178" 1 0.945086705202312 0.945086705202312
"179" 1 0.873015873015873 0.873015873015873
"180" NA NA NA
"181" 1 0.965079365079365 0.965079365079365
"182" 1 0.936507936507937 0.936507936507937
"183" 1 0.996598639455782 0.996598639455782
"184" 1 1 1
"185" 0.846 0.996784565916399 0.884244372990354
"186" 1 0.94375 0.94375
"187" 1 0.935691318327974 0.935691318327974
"188" 1 0.970491803278689 0.970491803278689
"189" 1 0.952978056426332 0.952978056426332
"190" 1 0.903426791277259 0.903426791277259
"191" 1 0.928802588996764 0.928802588996764
"192" 1 0.912772585669782 0.912772585669782
"193" 1 0.993569131832797 0.993569131832797
"194" 1 0.952861952861953 0.952861952861953
"195" 0.992 0.905362776025237 0.902208201892745
"196" 1 0.988023952095808 0.988023952095808
"197" 1 0.947368421052632 0.947368421052632
"198" 1 0.970873786407767 0.970873786407767
"199" 1 0.923547400611621 0.923547400611621
"200" 1 0.977848101265823 0.977848101265823
"201" 1 0.951456310679612 0.951456310679612
"202" 1 0.869158878504673 0.869158878504673
"203" 1 0.833333333333333 0.833333333333333
"204" 1 0.97444089456869 0.97444089456869
"205" 1 0.982404692082111 0.982404692082111
"206" 1 0.962616822429907 0.962616822429907
"207" 1 0.870588235294118 0.870588235294118
"208" 1 0.977707006369427 0.977707006369427
"209" 1 0.968553459119497 0.968553459119497
"210" 1 0.98705501618123 0.98705501618123
"211" 1 0.984567901234568 0.984567901234568
"212" 1 1 1
"213" 1 0.993610223642173 0.993610223642173
"214" 1 0.795031055900621 0.795031055900621
"215" 1 0.971518987341772 0.971518987341772
"216" 0.926 0.851612903225806 0.806451612903226
"217" 1 0.965079365079365 0.965079365079365
"218" 1 0.957377049180328 0.957377049180328
"219" 1 0.987460815047022 0.987460815047022
"220" 1 0.913173652694611 0.913173652694611
"221" 1 1 1
"222" 1 0.971153846153846 0.971153846153846
"223" 0.846 0.968553459119497 0.871069182389937
"224" 1 0.993527508090615 0.993527508090615
"225" 1 0.996710526315789 0.996710526315789
"226" 0.832 0.904918032786885 0.783606557377049
"227" 1 0.900602409638554 0.900602409638554
"228" 1 0.97444089456869 0.97444089456869
"229" 1 0.993610223642173 0.993610223642173
"230" 1 0.987220447284345 0.987220447284345
"231" 1 0.952802359882006 0.952802359882006
"232" 1 0.970684039087948 0.970684039087948
"233" 1 0.984984984984985 0.984984984984985
"234" 1 0.938511326860841 0.938511326860841
"235" 1 0.978260869565217 0.978260869565217
"236" 1 0.99375 0.99375
"237" 1 0.984025559105431 0.984025559105431
"238" 1 0.918831168831169 0.918831168831169
"239" 1 0.957654723127036 0.957654723127036
"240" 1 0.895622895622896 0.895622895622896
"241" 1 0.949526813880126 0.949526813880126
"242" 1 1 1
"243" 1 0.978658536585366 0.978658536585366
"244" 1 0.974358974358974 0.974358974358974
"245" 1 1 1
"246" 1 1 1
"247" 1 0.95859872611465 0.95859872611465
"248" 1 1 1
"249" 1 1 1
"250" 1 0.990740740740741 0.990740740740741
"251" 1 0.878205128205128 0.878205128205128
"252" 1 0.993865030674847 0.993865030674847
"253" 1 0.962264150943396 0.962264150943396
"254" 1 1 1
"255" 1 0.97444089456869 0.97444089456869
"256" 1 0.993333333333333 0.993333333333333
"257" 1 0.946031746031746 0.946031746031746
"258" 1 0.996644295302013 0.996644295302013
"259" 1 0.954819277108434 0.954819277108434
"260" 1 0.922600619195046 0.922600619195046
"261" 1 0.945288753799392 0.945288753799392
"262" 1 0.864353312302839 0.864353312302839
"263" 1 0.898412698412698 0.898412698412698
"264" 1 0.986970684039088 0.986970684039088
"265" 1 0.982876712328767 0.982876712328767
"266" 1 0.948220064724919 0.948220064724919
"267" 1 0.984662576687117 0.984662576687117
"268" 1 0.970149253731343 0.970149253731343
"269" 1 0.951456310679612 0.951456310679612
"270" 1 0.973837209302326 0.973837209302326
"271" 1 0.964169381107492 0.964169381107492
"272" 1 0.987841945288754 0.987841945288754
"273" 1 0.984227129337539 0.984227129337539
"274" 1 0.925149700598802 0.925149700598802
"275" 1 0.987220447284345 0.987220447284345
"276" 1 0.931147540983607 0.931147540983607
"277" 1 0.993788819875776 0.993788819875776
"278" 1 0.996763754045307 0.996763754045307
"279" 1 0.990683229813665 0.990683229813665
"280" 1 0.955696202531646 0.955696202531646
"281" 1 0.97444089456869 0.97444089456869
"282" 1 0.984894259818731 0.984894259818731
"283" 1 0.951289398280802 0.951289398280802
"284" 1 0.968152866242038 0.968152866242038
"285" 0.876 0.96 0.889230769230769
"286" 1 0.873065015479876 0.873065015479876
"287" 1 0.816129032258065 0.816129032258065
"288" 1 0.993769470404984 0.993769470404984
"289" 1 0.990769230769231 0.990769230769231
"290" 1 0.928792569659443 0.928792569659443
"291" 0.836 0.966565349544073 0.838905775075988
"292" 1 0.910958904109589 0.910958904109589
"293" 1 0.987138263665595 0.987138263665595
"294" 1 0.942492012779553 0.942492012779553
"295" 1 0.928802588996764 0.928802588996764
"296" 1 0.947040498442368 0.947040498442368
"297" 1 0.972560975609756 0.972560975609756
"298" 1 1 1
"299" 1 0.96048632218845 0.96048632218845
"300" 1 0.931740614334471 0.931740614334471
"301" 1 0.955555555555556 0.955555555555556
"302" 1 0.848484848484849 0.848484848484849
"303" 1 1 1
"304" 1 0.907692307692308 0.907692307692308
"305" 1 0.983108108108108 0.983108108108108
"306" 1 0.894736842105263 0.894736842105263
"307" 1 0.947692307692308 0.947692307692308
"308" 1 0.978193146417445 0.978193146417445
"309" 1 0.934426229508197 0.934426229508197
"310" 1 0.891447368421053 0.891447368421053
"311" 1 0.984615384615385 0.984615384615385
"312" 1 0.981707317073171 0.981707317073171
"313" 1 0.940993788819876 0.940993788819876
"314" 1 0.988165680473373 0.988165680473373
"315" 1 0.975903614457831 0.975903614457831
"316" 1 0.922839506172839 0.922839506172839
"317" 1 0.930513595166163 0.930513595166163
"318" 1 0.983974358974359 0.983974358974359
"319" 1 0.984472049689441 0.984472049689441
"320" 1 0.990769230769231 0.990769230769231
"321" 1 0.923809523809524 0.923809523809524
"322" 1 0.928125 0.928125
"323" 1 0.870253164556962 0.870253164556962
"324" 1 0.919402985074627 0.919402985074627
"325" 1 0.955696202531646 0.955696202531646
"326" 1 0.935691318327974 0.935691318327974
"327" 1 0.986842105263158 0.986842105263158
"328" 1 0.993769470404984 0.993769470404984
"329" 1 0.98371335504886 0.98371335504886
"330" 1 0.981818181818182 0.981818181818182
"331" 1 0.987096774193548 0.987096774193548
"332" 1 1 1
"333" 1 0.867741935483871 0.867741935483871
"334" 1 0.952229299363057 0.952229299363057
"335" 1 0.987616099071207 0.987616099071207
"336" 1 0.968115942028986 0.968115942028986
"337" 1 0.987654320987654 0.987654320987654
"338" 1 0.942492012779553 0.942492012779553
"339" 1 0.990740740740741 0.990740740740741
"340" 1 0.966216216216216 0.966216216216216
"341" 1 0.883720930232558 0.883720930232558
"342" 1 0.935897435897436 0.935897435897436
"343" 1 0.971098265895954 0.971098265895954
"344" 1 0.92948717948718 0.92948717948718
"345" 1 0.845201238390093 0.845201238390093
"346" 1 0.981481481481482 0.981481481481482
"347" 1 0.937704918032787 0.937704918032787
"348" 0.916 0.962025316455696 0.886075949367089
"349" 1 0.936507936507937 0.936507936507937
"350" 0.998 0.964809384164223 0.964809384164223
"351" 1 0.990769230769231 0.990769230769231
"352" 1 0.982300884955752 0.982300884955752
"353" 0.998 0.929765886287625 0.926421404682274
"354" 1 0.896774193548387 0.896774193548387
"355" 1 0.983660130718954 0.983660130718954
"356" 1 0.859060402684564 0.859060402684564
"357" NA NA NA
"358" 1 0.969135802469136 0.969135802469136
"359" 1 0.978978978978979 0.978978978978979
"360" 1 0.938906752411576 0.938906752411576
"361" 1 0.983974358974359 0.983974358974359
"362" 1 0.945288753799392 0.945288753799392
"363" 1 0.963525835866261 0.963525835866261
"364" 1 0.811377245508982 0.811377245508982
"365" 1 0.895081967213115 0.895081967213115
"366" 0.908 0.753799392097264 0.702127659574468
"367" 1 0.914012738853503 0.914012738853503
"368" 1 0.970684039087948 0.970684039087948
"369" 1 0.894259818731118 0.894259818731118
"370" 1 0.969418960244648 0.969418960244648
"371" 1 0.897196261682243 0.897196261682243
"372" 0.822 0.936908517350158 0.804416403785489
"373" 1 0.866666666666667 0.866666666666667
"374" 1 0.972560975609756 0.972560975609756
"375" 1 0.993690851735016 0.993690851735016
"376" 1 0.96319018404908 0.96319018404908
"377" 0.924 0.950310559006211 0.872670807453416
"378" 1 0.954819277108434 0.954819277108434
"379" 1 0.807692307692308 0.807692307692308
"380" 1 0.905537459283388 0.905537459283388
"381" 1 0.957516339869281 0.957516339869281
"382" 1 0.950166112956811 0.950166112956811
"383" 1 0.907051282051282 0.907051282051282
"384" 1 0.888888888888889 0.888888888888889
"385" 1 0.993769470404984 0.993769470404984
"386" 1 0.948328267477204 0.948328267477204
"387" 1 0.949044585987261 0.949044585987261
"388" 1 0.983443708609272 0.983443708609272
"389" 0.972 0.96048632218845 0.936170212765957
"390" 1 0.993630573248408 0.993630573248408
"391" 1 0.99079754601227 0.99079754601227
"392" 1 0.955414012738854 0.955414012738854
"393" 1 0.977564102564103 0.977564102564103
"394" 1 0.993710691823899 0.993710691823899
"395" 1 0.947368421052632 0.947368421052632
"396" 1 0.922155688622755 0.922155688622755
"397" 1 0.939209726443769 0.939209726443769
"398" 1 0.990990990990991 0.990990990990991
"399" 1 0.970414201183432 0.970414201183432
"400" 1 0.952380952380952 0.952380952380952
"401" 1 0.949685534591195 0.949685534591195
"402" 1 0.942307692307692 0.942307692307692
"403" 1 0.975683890577508 0.975683890577508
"404" 1 0.93312101910828 0.93312101910828
"405" 1 0.973837209302326 0.973837209302326
"406" 1 0.928571428571429 0.928571428571429
"407" 1 0.89873417721519 0.89873417721519
"408" 1 0.990769230769231 0.990769230769231
"409" 1 1 1
"410" 1 0.990654205607477 0.990654205607477
"411" 1 0.956112852664577 0.956112852664577
"412" 1 0.971153846153846 0.971153846153846
"413" 1 0.993548387096774 0.993548387096774
"414" 1 0.996894409937888 0.996894409937888
"415" 1 1 1
"416" 1 0.962962962962963 0.962962962962963
"417" 1 0.969418960244648 0.969418960244648
"418" 1 1 1
"419" 1 0.870967741935484 0.870967741935484
"420" 1 0.942492012779553 0.942492012779553
"421" 1 0.981308411214953 0.981308411214953
"422" 1 0.962264150943396 0.962264150943396
"423" 1 0.971786833855799 0.971786833855799
"424" 1 0.955555555555556 0.955555555555556
"425" 1 0.993769470404984 0.993769470404984
"426" 0.99 0.932307692307692 0.923076923076923
"427" 1 0.929260450160772 0.929260450160772
"428" 1 0.977198697068404 0.977198697068404
"429" 1 0.993548387096774 0.993548387096774
"430" 1 0.90519877675841 0.90519877675841
"431" 1 0.883582089552239 0.883582089552239
"432" 1 0.980891719745223 0.980891719745223
"433" 1 0.872670807453416 0.872670807453416
"434" 1 0.975460122699387 0.975460122699387
"435" 1 1 1
"436" 1 0.977491961414791 0.977491961414791
"437" 1 0.886435331230284 0.886435331230284
"438" 1 0.907738095238095 0.907738095238095
"439" 1 0.984520123839009 0.984520123839009
"440" 0.848 0.961538461538462 0.858974358974359
"441" 0.972 0.990712074303406 0.962848297213622
"442" 1 0.942424242424242 0.942424242424242
"443" 1 0.958333333333333 0.958333333333333
"444" 1 0.968454258675079 0.968454258675079
"445" 1 1 1
"446" 1 0.990353697749196 0.990353697749196
"447" 1 0.99388379204893 0.99388379204893
"448" 1 0.93968253968254 0.93968253968254
"449" 1 0.946540880503145 0.946540880503145
"450" 1 0.865814696485623 0.865814696485623
"451" 1 0.925465838509317 0.925465838509317
"452" 1 1 1
"453" 1 0.990963855421687 0.990963855421687
"454" 1 0.949367088607595 0.949367088607595
"455" 1 0.954545454545455 0.954545454545455
"456" 1 0.923566878980892 0.923566878980892
"457" 1 0.901639344262295 0.901639344262295
"458" 1 0.996894409937888 0.996894409937888
"459" 1 0.924290220820189 0.924290220820189
"460" 1 0.990740740740741 0.990740740740741
"461" 1 0.885802469135803 0.885802469135803
"462" 1 0.931596091205212 0.931596091205212
"463" 1 0.934375 0.934375
"464" 1 0.946902654867257 0.946902654867257
"465" 1 0.994202898550725 0.994202898550725
"466" 1 0.978193146417445 0.978193146417445
"467" 1 0.92332268370607 0.92332268370607
"468" 1 0.911184210526316 0.911184210526316
"469" 1 0.996969696969697 0.996969696969697
"470" 1 0.978527607361963 0.978527607361963
"471" 0.972 0.968944099378882 0.944099378881988
"472" 1 0.93046357615894 0.93046357615894
"473" 1 0.996969696969697 0.996969696969697
"474" 1 0.99672131147541 0.99672131147541
"475" 1 1 1
"476" 1 0.919871794871795 0.919871794871795
"477" 1 0.962732919254658 0.962732919254658
"478" 1 0.98533724340176 0.98533724340176
"479" 1 0.982089552238806 0.982089552238806
"480" 1 0.883582089552239 0.883582089552239
"481" 1 1 1
"482" 1 0.993975903614458 0.993975903614458
"483" 1 0.923076923076923 0.923076923076923
"484" 1 0.963746223564955 0.963746223564955
"485" 1 0.940119760479042 0.940119760479042
"486" 1 0.885630498533724 0.885630498533724
"487" 1 0.925324675324675 0.925324675324675
"488" 1 0.910979228486647 0.910979228486647
"489" 1 0.899053627760252 0.899053627760252
"490" 1 0.958860759493671 0.958860759493671
"491" 1 0.950769230769231 0.950769230769231
"492" 1 0.979041916167665 0.979041916167665
"493" 1 0.964169381107492 0.964169381107492
"494" 1 1 1
"495" 1 0.962145110410095 0.962145110410095
"496" 1 0.840909090909091 0.840909090909091
"497" 1 0.911184210526316 0.911184210526316
"498" 1 0.962025316455696 0.962025316455696
"499" 1 0.887878787878788 0.887878787878788
"500" 1 0.96594427244582 0.96594427244582
"501" 1 0.84472049689441 0.84472049689441
"502" 1 0.978395061728395 0.978395061728395
"503" 0.968 0.913846153846154 0.889230769230769
"504" 1 0.935483870967742 0.935483870967742
"505" 1 0.981366459627329 0.981366459627329
"506" 1 0.967532467532468 0.967532467532468
"507" 1 0.957792207792208 0.957792207792208
"508" 1 0.869565217391304 0.869565217391304
"509" 1 1 1
"510" 1 0.996753246753247 0.996753246753247
"511" 1 0.93167701863354 0.93167701863354
"512" 1 0.945121951219512 0.945121951219512
"513" 1 0.956810631229236 0.956810631229236
"514" 1 0.981981981981982 0.981981981981982
"515" 1 0.932515337423313 0.932515337423313
"516" 1 0.996699669966997 0.996699669966997
"517" 1 0.990595611285266 0.990595611285266
"518" 1 0.949843260188088 0.949843260188088
"519" 1 0.950166112956811 0.950166112956811
"520" 1 0.974603174603175 0.974603174603175
"521" 1 0.948795180722892 0.948795180722892
"522" 1 0.876582278481013 0.876582278481013
"523" 1 0.938650306748466 0.938650306748466
"524" 0.852 1 0.904153354632588
"525" 1 0.986928104575163 0.986928104575163
"526" 1 0.908163265306122 0.908163265306122
"527" 1 0.96 0.96
"528" 1 0.933753943217666 0.933753943217666
"529" 1 0.993957703927492 0.993957703927492
"530" 1 0.967637540453074 0.967637540453074
"531" 1 0.947368421052632 0.947368421052632
"532" 0.726 0.927444794952681 0.747634069400631
"533" 1 0.987616099071207 0.987616099071207
"534" 1 0.940625 0.940625
"535" 1 0.96594427244582 0.96594427244582
"536" 1 0.980830670926518 0.980830670926518
"537" 1 0.967741935483871 0.967741935483871
"538" 1 0.987577639751553 0.987577639751553
"539" 1 0.984227129337539 0.984227129337539
"540" 0.898 0.977707006369427 0.907643312101911
"541" 1 0.932659932659933 0.932659932659933
"542" 1 0.977491961414791 0.977491961414791
"543" 1 0.987301587301587 0.987301587301587
"544" 1 0.984472049689441 0.984472049689441
"545" 1 0.870431893687708 0.870431893687708
"546" 1 1 1
"547" 1 0.984375 0.984375
"548" 1 0.996875 0.996875
"549" 1 0.917177914110429 0.917177914110429
"550" 1 0.93046357615894 0.93046357615894
"551" 1 0.965189873417722 0.965189873417722
"552" 1 0.961661341853035 0.961661341853035
"553" 1 0.990853658536585 0.990853658536585
"554" 1 0.978787878787879 0.978787878787879
"555" 1 0.974358974358974 0.974358974358974
"556" 1 0.978260869565217 0.978260869565217
"557" 1 0.996835443037975 0.996835443037975
"558" 1 0.938271604938272 0.938271604938272
"559" 1 0.99388379204893 0.99388379204893
"560" 1 0.935975609756098 0.935975609756098
"561" 1 0.970238095238095 0.970238095238095
"562" 1 0.993690851735016 0.993690851735016
"563" 1 0.933933933933934 0.933933933933934
"564" 1 0.918181818181818 0.918181818181818
"565" 1 0.955223880597015 0.955223880597015
"566" 1 0.970326409495549 0.970326409495549
"567" 1 0.913312693498452 0.913312693498452
"568" 1 0.953216374269006 0.953216374269006
"569" 1 0.939102564102564 0.939102564102564
"570" 1 0.928104575163399 0.928104575163399
"571" 1 0.901273885350318 0.901273885350318
"572" 1 0.916666666666667 0.916666666666667
"573" 0.766 0.962025316455696 0.806962025316456
"574" 1 0.984472049689441 0.984472049689441
"575" 1 1 1
"576" 1 0.962264150943396 0.962264150943396
"577" 1 0.962145110410095 0.962145110410095
"578" 1 0.935779816513762 0.935779816513762
"579" 1 0.987878787878788 0.987878787878788
"580" 1 0.841176470588235 0.841176470588235
"581" 1 0.984177215189873 0.984177215189873
"582" 1 0.990825688073395 0.990825688073395
"583" 1 0.962264150943396 0.962264150943396
"584" 1 0.983277591973244 0.983277591973244
"585" 1 0.866883116883117 0.866883116883117
"586" 1 0.952830188679245 0.952830188679245
"587" 1 0.996784565916399 0.996784565916399
"588" 1 0.990536277602524 0.990536277602524
"589" 1 0.993569131832797 0.993569131832797
"590" 1 0.973154362416107 0.973154362416107
"591" 1 0.996621621621622 0.996621621621622
"592" 1 0.990196078431373 0.990196078431373
"593" 1 0.990740740740741 0.990740740740741
"594" 1 0.996753246753247 0.996753246753247
"595" 1 0.949044585987261 0.949044585987261
"596" 1 0.975683890577508 0.975683890577508
"597" 1 0.975757575757576 0.975757575757576
"598" 1 0.987220447284345 0.987220447284345
"599" 1 0.960606060606061 0.960606060606061
"600" 1 0.944078947368421 0.944078947368421
"601" 1 0.954838709677419 0.954838709677419
"602" 1 0.987261146496815 0.987261146496815
"603" 1 0.982035928143713 0.982035928143713
"604" 1 0.98813056379822 0.98813056379822
"605" 1 1 1
"606" 1 0.923547400611621 0.923547400611621
"607" 1 0.956112852664577 0.956112852664577
"608" 1 0.939297124600639 0.939297124600639
"609" 1 0.996884735202492 0.996884735202492
"610" 1 0.935672514619883 0.935672514619883
"611" 1 0.946031746031746 0.946031746031746
"612" 1 0.983766233766234 0.983766233766234
"613" 1 0.966049382716049 0.966049382716049
"614" 1 0.969491525423729 0.969491525423729
"615" 1 0.973372781065089 0.973372781065089
"616" 0.97 0.951923076923077 0.935897435897436
"617" 1 0.984520123839009 0.984520123839009
"618" 1 0.987179487179487 0.987179487179487
"619" 1 0.939490445859873 0.939490445859873
"620" 0.96 0.938235294117647 0.920588235294118
"621" 1 0.996987951807229 0.996987951807229
"622" 1 0.97411003236246 0.97411003236246
"623" 1 0.928792569659443 0.928792569659443
"624" 1 0.963525835866261 0.963525835866261
"625" 1 0.979228486646884 0.979228486646884
"626" 1 0.87888198757764 0.87888198757764
"627" 1 0.993464052287582 0.993464052287582
"628" 1 0.961661341853035 0.961661341853035
"629" 1 0.916167664670659 0.916167664670659
"630" 1 0.957186544342508 0.957186544342508
"631" 1 0.996996996996997 0.996996996996997
"632" 0.824 0.94006309148265 0.807570977917981
"633" 1 0.826498422712934 0.826498422712934
"634" 1 0.956521739130435 0.956521739130435
"635" 1 0.996923076923077 0.996923076923077
"636" 1 0.959119496855346 0.959119496855346
"637" 1 0.96742671009772 0.96742671009772
"638" 1 0.990131578947368 0.990131578947368
"639" 1 0.959302325581395 0.959302325581395
"640" 1 0.959501557632399 0.959501557632399
"641" 1 0.956656346749226 0.956656346749226
"642" 1 0.993769470404984 0.993769470404984
"643" 1 0.959501557632399 0.959501557632399
"644" 1 0.966666666666667 0.966666666666667
"645" 1 0.983164983164983 0.983164983164983
"646" 1 0.983108108108108 0.983108108108108
"647" 0.956 0.955882352941177 0.929411764705882
"648" 1 0.90032154340836 0.90032154340836
"649" 1 0.882165605095541 0.882165605095541
"650" 1 0.958944281524927 0.958944281524927
"651" 0.964 0.993610223642173 0.97444089456869
"652" 1 1 1
"653" 1 0.964856230031949 0.964856230031949
"654" 1 0.913432835820896 0.913432835820896
"655" 1 0.826923076923077 0.826923076923077
"656" 1 0.95114006514658 0.95114006514658
"657" 1 0.908474576271186 0.908474576271186
"658" 1 0.96474358974359 0.96474358974359
"659" 1 0.814814814814815 0.814814814814815
"660" 1 0.996951219512195 0.996951219512195
"661" 1 0.877675840978593 0.877675840978593
"662" 0.822 0.938080495356037 0.801857585139319
"663" 1 0.980830670926518 0.980830670926518
"664" 1 0.993506493506494 0.993506493506494
"665" 1 0.848297213622291 0.848297213622291
"666" 1 0.957792207792208 0.957792207792208
"667" 1 0.968152866242038 0.968152866242038
"668" 1 0.733766233766234 0.733766233766234
"669" 1 0.987692307692308 0.987692307692308
"670" 1 0.987951807228916 0.987951807228916
"671" 1 0.958730158730159 0.958730158730159
"672" 1 0.993730407523511 0.993730407523511
"673" 1 1 1
"674" 1 0.990712074303406 0.990712074303406
"675" 1 0.962382445141066 0.962382445141066
"676" 1 0.938511326860841 0.938511326860841
"677" 1 0.936170212765957 0.936170212765957
"678" 1 0.990625 0.990625
"679" 0.804 0.984126984126984 0.844444444444444
"680" 1 0.993333333333333 0.993333333333333
"681" 1 0.964856230031949 0.964856230031949
"682" 1 0.786407766990291 0.786407766990291
"683" 1 0.97196261682243 0.97196261682243
"684" 1 1 1
"685" 1 0.945454545454545 0.945454545454545
"686" 1 0.873065015479876 0.873065015479876
"687" 1 0.979472140762463 0.979472140762463
"688" 1 0.98671096345515 0.98671096345515
"689" 1 0.975975975975976 0.975975975975976
"690" 1 0.983766233766234 0.983766233766234
"691" 1 0.97682119205298 0.97682119205298
"692" 1 0.977635782747604 0.977635782747604
"693" 1 0.961077844311377 0.961077844311377
"694" 1 0.809677419354839 0.809677419354839
"695" 1 0.952830188679245 0.952830188679245
"696" 1 0.984520123839009 0.984520123839009
"697" 1 0.933554817275748 0.933554817275748
"698" 0.824 0.990936555891239 0.861027190332326
"699" 1 0.987538940809969 0.987538940809969
"700" 1 1 1
"701" 1 0.965625 0.965625
"702" 1 0.957575757575758 0.957575757575758
"703" 1 0.890675241157556 0.890675241157556
"704" 1 0.966555183946488 0.966555183946488
"705" 0.928 0.884498480243161 0.832826747720365
"706" 0.81 0.987915407854985 0.848942598187311
"707" 1 0.739811912225705 0.739811912225705
"708" 1 0.831168831168831 0.831168831168831
"709" 1 0.89171974522293 0.89171974522293
"710" 1 0.92948717948718 0.92948717948718
"711" 1 0.990536277602524 0.990536277602524
"712" 1 0.96165191740413 0.96165191740413
"713" 1 0.996845425867508 0.996845425867508
"714" 1 0.996710526315789 0.996710526315789
"715" 1 0.888178913738019 0.888178913738019
"716" 1 0.991176470588235 0.991176470588235
"717" 1 0.940993788819876 0.940993788819876
"718" 1 0.949101796407186 0.949101796407186
"719" 1 0.987616099071207 0.987616099071207
"720" 1 0.90251572327044 0.90251572327044
"721" 1 0.913312693498452 0.913312693498452
"722" 1 0.937694704049844 0.937694704049844
"723" 1 0.9625 0.9625
"724" 1 0.971875 0.971875
"725" 1 0.978328173374613 0.978328173374613
"726" 1 0.958064516129032 0.958064516129032
"727" 1 0.91304347826087 0.91304347826087
"728" 1 0.964664310954064 0.964664310954064
"729" 1 1 1
"730" 1 1 1
"731" 1 0.966329966329966 0.966329966329966
"732" 1 0.930722891566265 0.930722891566265
"733" 1 0.946031746031746 0.946031746031746
"734" 1 0.9625 0.9625
"735" 1 0.878338278931751 0.878338278931751
"736" 1 0.978787878787879 0.978787878787879
"737" 1 0.900311526479751 0.900311526479751
"738" 1 0.969283276450512 0.969283276450512
"739" 1 0.981132075471698 0.981132075471698
"740" 1 0.984326018808777 0.984326018808777
"741" 1 1 1
"742" 1 0.951515151515152 0.951515151515152
"743" 0.944 0.961904761904762 0.923809523809524
"744" 0.968 0.921824104234528 0.908794788273616
"745" 1 0.981132075471698 0.981132075471698
"746" 1 0.952830188679245 0.952830188679245
"747" 1 0.990445859872611 0.990445859872611
"748" 0.998 0.921824104234528 0.921824104234528
"749" 1 0.955128205128205 0.955128205128205
"750" 1 0.980891719745223 0.980891719745223
"751" 1 0.960606060606061 0.960606060606061
"752" 1 0.965753424657534 0.965753424657534
"753" 1 0.936305732484076 0.936305732484076
"754" 1 0.842948717948718 0.842948717948718
"755" 1 0.99025974025974 0.99025974025974
"756" 1 0.954128440366973 0.954128440366973
"757" 0.864 0.939393939393939 0.831649831649832
"758" 1 0.967741935483871 0.967741935483871
"759" 1 0.967551622418879 0.967551622418879
"760" 1 0.996805111821086 0.996805111821086
"761" 1 0.874193548387097 0.874193548387097
"762" 1 0.872727272727273 0.872727272727273
"763" 1 0.964391691394659 0.964391691394659
"764" 1 0.912650602409639 0.912650602409639
"765" 1 0.956810631229236 0.956810631229236
"766" 1 0.979411764705882 0.979411764705882
"767" 1 0.935779816513762 0.935779816513762
"768" 1 0.917981072555205 0.917981072555205
"769" 1 0.951456310679612 0.951456310679612
"770" 1 0.99388379204893 0.99388379204893
"771" 1 1 1
"772" 1 0.956923076923077 0.956923076923077
"773" 1 0.931034482758621 0.931034482758621
"774" 1 0.985207100591716 0.985207100591716
"775" 1 0.985250737463127 0.985250737463127
"776" 1 0.987460815047022 0.987460815047022
"777" 1 0.972307692307692 0.972307692307692
"778" 1 0.96594427244582 0.96594427244582
"779" 1 0.965625 0.965625
"780" 1 0.912337662337662 0.912337662337662
"781" 1 0.869300911854103 0.869300911854103
"782" 1 0.966049382716049 0.966049382716049
"783" 1 0.966966966966967 0.966966966966967
"784" 1 0.884272997032641 0.884272997032641
"785" 1 0.977987421383648 0.977987421383648
"786" 1 0.945945945945946 0.945945945945946
"787" 1 0.959375 0.959375
"788" 0.778 0.883435582822086 0.736196319018405
"789" 1 0.996865203761755 0.996865203761755
"790" 1 0.990445859872611 0.990445859872611
"791" 1 0.896907216494845 0.896907216494845
"792" 1 0.982195845697329 0.982195845697329
"793" 1 1 1
"794" 1 0.979472140762463 0.979472140762463
"795" 1 0.945121951219512 0.945121951219512
"796" 0.998 0.984423676012461 0.984423676012461
"797" 1 0.965189873417722 0.965189873417722
"798" 1 0.993690851735016 0.993690851735016
"799" 1 0.880877742946709 0.880877742946709
"800" 1 0.945686900958466 0.945686900958466
"801" 1 0.935384615384615 0.935384615384615
"802" 1 0.805555555555556 0.805555555555556
"803" 1 0.969325153374233 0.969325153374233
"804" 0.99 0.97444089456869 0.968051118210863
"805" 1 0.993690851735016 0.993690851735016
"806" 1 0.985207100591716 0.985207100591716
"807" 1 0.985250737463127 0.985250737463127
"808" 1 0.987381703470032 0.987381703470032
"809" 1 0.991150442477876 0.991150442477876
"810" 1 0.993827160493827 0.993827160493827
"811" 1 1 1
"812" 1 0.873846153846154 0.873846153846154
"813" 1 0.929032258064516 0.929032258064516
"814" 1 0.8719723183391 0.8719723183391
"815" 1 0.980769230769231 0.980769230769231
"816" 1 0.895209580838323 0.895209580838323
"817" 1 0.91740412979351 0.91740412979351
"818" 1 0.932203389830508 0.932203389830508
"819" 1 0.939024390243902 0.939024390243902
"820" 1 0.993527508090615 0.993527508090615
"821" 1 0.965635738831615 0.965635738831615
"822" 1 1 1
"823" 0.946 0.922839506172839 0.891975308641975
"824" 1 0.936454849498328 0.936454849498328
"825" 1 0.976666666666667 0.976666666666667
"826" 1 0.904615384615385 0.904615384615385
"827" 1 0.97427652733119 0.97427652733119
"828" 1 0.98989898989899 0.98989898989899
"829" 1 0.934328358208955 0.934328358208955
"830" 0.908 0.970684039087948 0.905537459283388
"831" 1 0.975460122699387 0.975460122699387
"832" 1 0.955974842767296 0.955974842767296
"833" 1 0.971337579617834 0.971337579617834
"834" 1 0.961904761904762 0.961904761904762
"835" 1 0.92814371257485 0.92814371257485
"836" 1 0.967213114754098 0.967213114754098
"837" 1 0.975535168195719 0.975535168195719
"838" 1 0.941358024691358 0.941358024691358
"839" 1 0.970414201183432 0.970414201183432
"840" 1 0.97239263803681 0.97239263803681
"841" 1 0.91812865497076 0.91812865497076
"842" 1 0.966966966966967 0.966966966966967
"843" 1 0.983552631578947 0.983552631578947
"844" 1 0.864197530864197 0.864197530864197
"845" 1 0.996794871794872 0.996794871794872
"846" 1 0.953125 0.953125
"847" 1 0.9875 0.9875
"848" 1 0.973941368078176 0.973941368078176
"849" 1 0.956112852664577 0.956112852664577
"850" 1 0.894568690095847 0.894568690095847
"851" NA NA NA
"852" 1 0.993690851735016 0.993690851735016
"853" 1 0.981481481481482 0.981481481481482
"854" 1 0.972727272727273 0.972727272727273
"855" 1 0.957654723127036 0.957654723127036
"856" 1 0.99375 0.99375
"857" 1 0.976027397260274 0.976027397260274
"858" 1 0.919504643962848 0.919504643962848
"859" 1 0.94478527607362 0.94478527607362
"860" 1 0.954268292682927 0.954268292682927
"861" 1 0.98780487804878 0.98780487804878
"862" 1 0.975308641975309 0.975308641975309
"863" 1 0.993630573248408 0.993630573248408
"864" 1 0.878504672897196 0.878504672897196
"865" 1 1 1
"866" 1 0.984076433121019 0.984076433121019
"867" 1 0.98125 0.98125
"868" 0.89 0.988059701492537 0.901492537313433
"869" 1 0.984227129337539 0.984227129337539
"870" 1 0.943217665615142 0.943217665615142
"871" 1 0.923076923076923 0.923076923076923
"872" 0.958 1 0.97583081570997
"873" 1 0.996742671009772 0.996742671009772
"874" 1 0.953846153846154 0.953846153846154
"875" 1 0.996845425867508 0.996845425867508
"876" 1 0.842622950819672 0.842622950819672
"877" 0.896 0.936507936507937 0.873015873015873
"878" 1 0.977707006369427 0.977707006369427
"879" 0.956 0.990909090909091 0.951515151515152
"880" 1 0.965625 0.965625
"881" 1 0.938461538461538 0.938461538461538
"882" 1 0.974193548387097 0.974193548387097
"883" 1 0.915094339622642 0.915094339622642
"884" 1 0.907051282051282 0.907051282051282
"885" 1 0.967845659163987 0.967845659163987
"886" 1 0.931972789115646 0.931972789115646
"887" 1 0.983766233766234 0.983766233766234
"888" 1 0.973770491803279 0.973770491803279
"889" 1 0.905956112852665 0.905956112852665
"890" 1 1 1
"891" 1 0.938709677419355 0.938709677419355
"892" 1 0.974358974358974 0.974358974358974
"893" 1 0.993710691823899 0.993710691823899
"894" 1 0.918495297805643 0.918495297805643
"895" 1 0.947852760736196 0.947852760736196
"896" 1 0.943037974683544 0.943037974683544
"897" 1 0.993506493506494 0.993506493506494
"898" 1 0.994047619047619 0.994047619047619
"899" 1 0.881987577639752 0.881987577639752
"900" 1 0.9625 0.9625
"901" 1 0.986577181208054 0.986577181208054
"902" 0.862 0.947692307692308 0.873846153846154
"903" 1 0.856666666666667 0.856666666666667
"904" 1 0.982195845697329 0.982195845697329
"905" 1 0.994011976047904 0.994011976047904
"906" 1 0.936708860759494 0.936708860759494
"907" 1 0.948170731707317 0.948170731707317
"908" 1 0.909365558912387 0.909365558912387
"909" 0.996 0.943708609271523 0.937086092715232
"910" 1 0.927710843373494 0.927710843373494
"911" 1 0.942675159235669 0.942675159235669
"912" 1 0.975308641975309 0.975308641975309
"913" 1 0.963414634146341 0.963414634146341
"914" 1 1 1
"915" 1 0.911585365853659 0.911585365853659
"916" 1 0.99685534591195 0.99685534591195
"917" 1 0.977346278317152 0.977346278317152
"918" 0.998 0.956647398843931 0.953757225433526
"919" 1 0.920886075949367 0.920886075949367
"920" 1 0.949367088607595 0.949367088607595
"921" 1 1 1
"922" 1 0.927868852459016 0.927868852459016
"923" 1 0.914012738853503 0.914012738853503
"924" 1 0.983766233766234 0.983766233766234
"925" 1 0.984709480122324 0.984709480122324
"926" 1 0.953416149068323 0.953416149068323
"927" 1 0.932258064516129 0.932258064516129
"928" 1 0.951219512195122 0.951219512195122
"929" 1 0.918238993710692 0.918238993710692
"930" 1 1 1
"931" 1 0.975077881619938 0.975077881619938
"932" 1 0.972972972972973 0.972972972972973
"933" 1 0.958064516129032 0.958064516129032
"934" 1 0.954248366013072 0.954248366013072
"935" 1 0.974921630094044 0.974921630094044
"936" 1 0.891447368421053 0.891447368421053
"937" 1 1 1
"938" 1 0.993548387096774 0.993548387096774
"939" 1 0.965299684542587 0.965299684542587
"940" 1 0.962145110410095 0.962145110410095
"941" 1 0.990476190476191 0.990476190476191
"942" 1 0.9185667752443 0.9185667752443
"943" 1 0.929012345679012 0.929012345679012
"944" 1 1 1
"945" 1 0.984662576687117 0.984662576687117
"946" 1 0.932098765432099 0.932098765432099
"947" 1 0.952238805970149 0.952238805970149
"948" 1 0.940251572327044 0.940251572327044
"949" 1 0.993865030674847 0.993865030674847
"950" 1 0.974603174603175 0.974603174603175
"951" 1 0.872670807453416 0.872670807453416
"952" 1 0.92330383480826 0.92330383480826
"953" 1 0.98705501618123 0.98705501618123
"954" 1 0.975232198142415 0.975232198142415
"955" 1 0.908794788273616 0.908794788273616
"956" 0.854 0.991097922848665 0.875370919881306
"957" 1 0.898089171974522 0.898089171974522
"958" 1 0.984126984126984 0.984126984126984
"959" 1 0.941935483870968 0.941935483870968
"960" 1 0.980132450331126 0.980132450331126
"961" 1 0.978658536585366 0.978658536585366
"962" 1 0.993710691823899 0.993710691823899
"963" 1 0.970326409495549 0.970326409495549
"964" 1 0.923780487804878 0.923780487804878
"965" 1 0.973214285714286 0.973214285714286
"966" 1 0.970588235294118 0.970588235294118
"967" 1 0.953795379537954 0.953795379537954
"968" 1 0.962962962962963 0.962962962962963
"969" 1 1 1
"970" 0.818 0.97196261682243 0.856697819314642
"971" 1 0.85 0.85
"972" 1 0.983498349834984 0.983498349834984
"973" 1 0.925816023738872 0.925816023738872
"974" 1 0.911949685534591 0.911949685534591
"975" 1 0.987421383647799 0.987421383647799
"976" 1 0.953125 0.953125
"977" 1 0.96551724137931 0.96551724137931
"978" 1 0.996753246753247 0.996753246753247
"979" 1 0.940625 0.940625
"980" 1 0.987692307692308 0.987692307692308
"981" 1 0.961538461538462 0.961538461538462
"982" 1 0.897196261682243 0.897196261682243
"983" 1 0.969040247678019 0.969040247678019
"984" 1 0.996884735202492 0.996884735202492
"985" 1 0.931464174454829 0.931464174454829
"986" 1 0.92258064516129 0.92258064516129
"987" 1 0.953125 0.953125
"988" 1 0.978658536585366 0.978658536585366
"989" 1 0.894894894894895 0.894894894894895
"990" 1 0.993788819875776 0.993788819875776
"991" 1 0.957377049180328 0.957377049180328
"992" 1 0.970414201183432 0.970414201183432
"993" 1 0.987616099071207 0.987616099071207
"994" 1 0.939393939393939 0.939393939393939
"995" 1 0.93167701863354 0.93167701863354
"996" 1 0.996960486322188 0.996960486322188
"997" 1 0.97411003236246 0.97411003236246
"998" 1 0.984662576687117 0.984662576687117
"999" 1 0.984894259818731 0.984894259818731
"1000" 1 0.990936555891239 0.990936555891239
