"V1" "V2" "V3"
"1" 1 0.992790553138595 0.992790553138595
"2" 1 0.996106994851187 0.996106994851187
"3" 1 0.985708913125235 0.985708913125235
"4" 1 1 1
"5" NA NA NA
"6" 1 0.99087105363256 0.99087105363256
"7" 1 0.962186957599802 0.962186957599802
"8" 1 0.992624078009751 0.992624078009751
"9" 1 0.99949836970153 0.99949836970153
"10" 1 0.988465396188566 0.988465396188566
"11" 1 0.993501624593851 0.993501624593851
"12" 1 0.982429718875502 0.982429718875502
"13" 1 0.986985358528344 0.986985358528344
"14" 1 0.970386105210546 0.970386105210546
"15" NA NA NA
"16" 1 0.990629685157421 0.990629685157421
"17" 1 0.981376620108217 0.981376620108217
"18" 1 0.972676907579955 0.972676907579955
"19" 1 0.978892475788428 0.978892475788428
"20" 1 0.971016311166876 0.971016311166876
"21" 1 0.989062107115916 0.989062107115916
"22" 1 0.963428427799422 0.963428427799422
"23" 1 0.993522670652715 0.993522670652715
"24" 1 0.995294700346706 0.995294700346706
"25" NA NA NA
"26" 1 0.997010835720513 0.997010835720513
"27" 1 0.980384807596202 0.980384807596202
"28" 1 0.984916479680878 0.984916479680878
"29" 1 0.998257622899813 0.998257622899813
"30" 1 0.991607165226105 0.991607165226105
"31" NA NA NA
"32" 1 0.997524446094814 0.997524446094814
"33" 1 0.999750156152405 0.999750156152405
"34" 1 0.983973957681232 0.983973957681232
"35" 1 0.985819131732803 0.985819131732803
"36" 1 0.9875249500998 0.9875249500998
"37" NA NA NA
"38" 1 0.998233438485804 0.998233438485804
"39" 1 0.979982593559617 0.979982593559617
"40" 1 0.995177664974619 0.995177664974619
"41" 1 0.999874087131705 0.999874087131705
"42" 1 0.968140032741468 0.968140032741468
"43" 1 0.980520296594194 0.980520296594194
"44" 1 0.988053319919517 0.988053319919517
"45" 1 0.961557788944724 0.961557788944724
"46" 1 0.98984962406015 0.98984962406015
"47" 1 0.967483741870935 0.967483741870935
"48" 1 0.987957852483693 0.987957852483693
"49" 1 0.998370927318296 0.998370927318296
"50" 1 0.992521500685529 0.992521500685529
"51" 1 0.974993748437109 0.974993748437109
"52" 1 0.988080301129235 0.988080301129235
"53" 1 0.995393426294821 0.995393426294821
"54" 1 0.971478828998618 0.971478828998618
"55" NA NA NA
"56" 1 0.999495077000757 0.999495077000757
"57" 1 0.987847657228765 0.987847657228765
"58" 1 0.96362277314065 0.96362277314065
"59" 1 0.989966555183946 0.989966555183946
"60" 1 0.980602090943444 0.980602090943444
"61" NA NA NA
"62" 1 0.995380774032459 0.995380774032459
"63" 1 0.982116058029014 0.982116058029014
"64" 1 0.985387785687523 0.985387785687523
"65" 1 0.974342770475228 0.974342770475228
"66" 1 0.986681603186458 0.986681603186458
"67" 1 0.977164366373902 0.977164366373902
"68" 1 0.996869129618034 0.996869129618034
"69" 1 0.971425006239082 0.971425006239082
"70" 1 0.985766469328631 0.985766469328631
"71" 1 0.994872436218109 0.994872436218109
"72" NA NA NA
"73" 1 0.987311557788945 0.987311557788945
"74" 1 0.975146017149248 0.975146017149248
"75" 1 0.983775625707458 0.983775625707458
"76" 1 0.976357267950963 0.976357267950963
"77" 1 0.976569352211502 0.976569352211502
"78" 1 0.999874796544385 0.999874796544385
"79" 1 0.985119419782418 0.985119419782418
"80" 1 0.997998749218261 0.997998749218261
"81" 1 0.971122728404282 0.971122728404282
"82" 1 0.988489928687602 0.988489928687602
"83" 1 0.999374217772215 0.999374217772215
"84" 1 0.997742663656885 0.997742663656885
"85" 1 0.991884130353352 0.991884130353352
"86" 1 0.977360850531582 0.977360850531582
"87" 1 0.994144761430173 0.994144761430173
"88" 1 0.986814014818536 0.986814014818536
"89" 1 0.994644413999253 0.994644413999253
"90" 1 0.989079954813606 0.989079954813606
"91" 1 0.975311720698254 0.975311720698254
"92" 1 0.985303353850019 0.985303353850019
"93" 1 0.973134328358209 0.973134328358209
"94" 1 0.990378608021992 0.990378608021992
"95" 1 0.999247176913425 0.999247176913425
"96" 1 0.965578334598836 0.965578334598836
"97" 1 0.998623623623624 0.998623623623624
"98" 1 0.993051247052984 0.993051247052984
"99" 1 0.988460106712992 0.988460106712992
"100" 1 0.990578901698277 0.990578901698277
"101" 1 0.998877665544332 0.998877665544332
"102" 1 0.993513783210677 0.993513783210677
"103" 1 0.98969590349334 0.98969590349334
"104" 1 0.994763092269327 0.994763092269327
"105" 1 0.988972431077694 0.988972431077694
"106" 1 0.998876123876124 0.998876123876124
"107" 1 0.989134507306107 0.989134507306107
"108" 1 0.992256775321594 0.992256775321594
"109" 1 0.981442006269592 0.981442006269592
"110" 1 0.99153719843375 0.99153719843375
"111" NA NA NA
"112" 1 0.993512164691204 0.993512164691204
"113" 1 0.961388504590618 0.961388504590618
"114" 1 0.964227438182503 0.964227438182503
"115" 1 0.991576565250189 0.991576565250189
"116" 1 0.986578023080783 0.986578023080783
"117" 1 0.998629966371902 0.998629966371902
"118" 1 0.987135081642751 0.987135081642751
"119" 1 0.970987423733034 0.970987423733034
"120" 1 0.995865697820095 0.995865697820095
"121" 1 0.974507095315836 0.974507095315836
"122" 1 0.997381219603442 0.997381219603442
"123" 1 0.999126855432207 0.999126855432207
"124" 1 0.983200597312096 0.983200597312096
"125" 1 0.986334002006018 0.986334002006018
"126" 1 0.996880069886435 0.996880069886435
"127" 1 0.981261711430356 0.981261711430356
"128" 1 0.997746337798923 0.997746337798923
"129" 1 0.991701758731731 0.991701758731731
"130" 1 0.988286604361371 0.988286604361371
"131" 1 0.997024178549287 0.997024178549287
"132" 1 0.990210656753408 0.990210656753408
"133" 1 0.969207470974255 0.969207470974255
"134" 1 0.976598673507696 0.976598673507696
"135" 1 0.977115289460663 0.977115289460663
"136" 1 0.99974921630094 0.99974921630094
"137" 1 0.999750124937531 0.999750124937531
"138" 1 0.989976488058409 0.989976488058409
"139" 1 0.997626779915064 0.997626779915064
"140" 1 0.975839939599849 0.975839939599849
"141" 1 0.968102681408057 0.968102681408057
"142" 1 0.992992992992993 0.992992992992993
"143" 1 0.99438202247191 0.99438202247191
"144" 1 0.985561364202141 0.985561364202141
"145" NA NA NA
"146" 1 0.997252404146372 0.997252404146372
"147" 1 0.995404297602782 0.995404297602782
"148" NA NA NA
"149" 1 0.963426853707415 0.963426853707415
"150" 1 0.960259935016246 0.960259935016246
"151" 1 0.975415942388875 0.975415942388875
"152" 1 0.992800303145131 0.992800303145131
"153" 1 0.979062811565304 0.979062811565304
"154" 1 0.994027622247107 0.994027622247107
"155" NA NA NA
"156" 1 0.969161338849191 0.969161338849191
"157" 1 0.982901746995416 0.982901746995416
"158" 1 0.967070401211204 0.967070401211204
"159" 1 0.982196215139442 0.982196215139442
"160" 1 0.99601593625498 0.99601593625498
"161" 1 0.974849094567404 0.974849094567404
"162" 1 0.996729559748428 0.996729559748428
"163" 1 0.991147132169576 0.991147132169576
"164" 1 0.992781580584941 0.992781580584941
"165" 1 0.979967649620505 0.979967649620505
"166" 1 0.998256537982565 0.998256537982565
"167" 1 0.992391168766371 0.992391168766371
"168" 1 0.978897715988083 0.978897715988083
"169" 1 0.987152301359611 0.987152301359611
"170" 1 0.996384490711881 0.996384490711881
"171" 1 0.97875265591801 0.97875265591801
"172" 1 0.993002624015994 0.993002624015994
"173" 1 0.997987168197258 0.997987168197258
"174" 1 0.996273291925466 0.996273291925466
"175" 1 0.990258523791682 0.990258523791682
"176" 1 0.985316265060241 0.985316265060241
"177" 1 0.989620659829482 0.989620659829482
"178" 1 0.997991967871486 0.997991967871486
"179" 1 0.984039900249377 0.984039900249377
"180" 1 0.992459469649365 0.992459469649365
"181" 1 0.970369436388854 0.970369436388854
"182" 1 0.99410140562249 0.99410140562249
"183" NA NA NA
"184" 1 0.969988745779667 0.969988745779667
"185" 1 0.994199243379571 0.994199243379571
"186" 1 0.997390331800671 0.997390331800671
"187" 1 0.998754669987547 0.998754669987547
"188" 1 0.979313824419778 0.979313824419778
"189" 1 0.984164588528678 0.984164588528678
"190" 1 0.993171095108021 0.993171095108021
"191" 1 0.992329580601262 0.992329580601262
"192" 1 0.975715524718127 0.975715524718127
"193" 1 0.964108910891089 0.964108910891089
"194" NA NA NA
"195" 1 0.948533131006576 0.948533131006576
"196" 1 0.995363989475003 0.995363989475003
"197" 1 0.991719984945427 0.991719984945427
"198" 1 0.997384481255449 0.997384481255449
"199" 1 0.996996245306633 0.996996245306633
"200" NA NA NA
"201" 1 0.969382654336416 0.969382654336416
"202" 1 0.99787207410189 0.99787207410189
"203" 1 0.99536863186882 0.99536863186882
"204" 1 0.987628092976756 0.987628092976756
"205" 1 0.981335337592384 0.981335337592384
"206" 1 0.987493746873437 0.987493746873437
"207" 1 0.988656195462478 0.988656195462478
"208" NA NA NA
"209" 1 0.989274133200299 0.989274133200299
"210" 1 0.970614090167022 0.970614090167022
"211" 1 0.997483643683946 0.997483643683946
"212" 1 0.974381295858724 0.974381295858724
"213" 1 0.995647848793832 0.995647848793832
"214" 1 0.983588213353226 0.983588213353226
"215" 1 0.998996235884567 0.998996235884567
"216" 1 0.995639172688762 0.995639172688762
"217" 1 0.983699059561129 0.983699059561129
"218" 1 0.988443662856425 0.988443662856425
"219" 1 0.982014840900516 0.982014840900516
"220" 1 0.96332670313277 0.96332670313277
"221" 1 0.981957148227039 0.981957148227039
"222" 1 0.989852167376597 0.989852167376597
"223" 1 0.999497234791352 0.999497234791352
"224" 1 0.995950904719727 0.995950904719727
"225" NA NA NA
"226" 1 0.961998504859208 0.961998504859208
"227" 1 0.995900111815132 0.995900111815132
"228" 1 0.993602609131962 0.993602609131962
"229" 1 0.977431421446384 0.977431421446384
"230" 1 0.953957192633151 0.953957192633151
"231" NA NA NA
"232" 1 0.991073673623334 0.991073673623334
"233" 1 0.982995748937234 0.982995748937234
"234" 1 0.975031367628607 0.975031367628607
"235" NA NA NA
"236" 1 0.992360676268003 0.992360676268003
"237" 1 0.966061660865241 0.966061660865241
"238" 1 0.995753715498938 0.995753715498938
"239" 1 0.998242530755712 0.998242530755712
"240" 1 0.980896491447122 0.980896491447122
"241" 1 0.992693498452012 0.992693498452012
"242" 1 0.979647896116869 0.979647896116869
"243" 1 0.997368091239504 0.997368091239504
"244" 1 0.978413654618474 0.978413654618474
"245" 1 0.995901130294373 0.995901130294373
"246" 1 0.975744627372125 0.975744627372125
"247" 1 0.985361617665302 0.985361617665302
"248" 1 0.990339982436332 0.990339982436332
"249" 1 0.982945350429478 0.982945350429478
"250" 1 0.977866700012505 0.977866700012505
"251" 1 0.972004479283315 0.972004479283315
"252" 1 0.998380465927495 0.998380465927495
"253" 1 0.990588530555904 0.990588530555904
"254" 1 0.979607156261729 0.979607156261729
"255" 1 0.982259687971817 0.982259687971817
"256" NA NA NA
"257" 1 0.992527862208713 0.992527862208713
"258" 1 0.99000124984377 0.99000124984377
"259" 1 0.969326683291771 0.969326683291771
"260" 1 0.991837247268617 0.991837247268617
"261" 1 0.983320792575872 0.983320792575872
"262" 1 0.980214036834246 0.980214036834246
"263" NA NA NA
"264" 1 0.99276356830942 0.99276356830942
"265" 1 0.979576587795766 0.979576587795766
"266" 1 0.979907650068638 0.979907650068638
"267" 1 0.984324053172812 0.984324053172812
"268" 1 0.982016619124395 0.982016619124395
"269" 1 0.95629787768429 0.95629787768429
"270" NA NA NA
"271" 1 0.985211179345783 0.985211179345783
"272" 1 0.971679197994987 0.971679197994987
"273" 1 0.997625890291141 0.997625890291141
"274" 1 0.980836673346693 0.980836673346693
"275" 1 0.97639673571877 0.97639673571877
"276" 1 0.999498872463042 0.999498872463042
"277" 1 0.995198382613091 0.995198382613091
"278" 1 0.977791718946048 0.977791718946048
"279" 1 0.97617853560682 0.97617853560682
"280" 1 0.995873452544704 0.995873452544704
"281" 1 0.995499437429679 0.995499437429679
"282" 1 0.988002999250187 0.988002999250187
"283" 1 0.988587910709807 0.988587910709807
"284" 1 0.987751531058618 0.987751531058618
"285" 1 0.981877674301535 0.981877674301535
"286" 1 0.999007444168734 0.999007444168734
"287" 1 0.967056190949776 0.967056190949776
"288" 1 0.978849721706865 0.978849721706865
"289" 1 0.992440203246995 0.992440203246995
"290" 1 0.96399549943743 0.96399549943743
"291" 1 0.973371671458932 0.973371671458932
"292" 1 0.984580669424596 0.984580669424596
"293" 1 0.995724883691689 0.995724883691689
"294" 1 0.99576851275669 0.99576851275669
"295" 1 0.994149863081902 0.994149863081902
"296" 1 0.986703119174848 0.986703119174848
"297" 1 0.998500749625187 0.998500749625187
"298" 1 0.985286783042394 0.985286783042394
"299" 1 0.998495297805643 0.998495297805643
"300" 1 0.995266567015446 0.995266567015446
"301" 1 0.989779384270223 0.989779384270223
"302" 1 0.986593158752036 0.986593158752036
"303" NA NA NA
"304" 1 0.987467101140494 0.987467101140494
"305" 1 0.99687656171914 0.99687656171914
"306" 1 0.991223671013039 0.991223671013039
"307" 1 0.992622233337502 0.992622233337502
"308" 1 0.987326043737575 0.987326043737575
"309" 1 0.995838587641866 0.995838587641866
"310" 1 0.986213811254543 0.986213811254543
"311" 1 0.992902502801644 0.992902502801644
"312" 1 0.983497937242155 0.983497937242155
"313" 1 0.998248467408983 0.998248467408983
"314" 1 0.987003341997772 0.987003341997772
"315" NA NA NA
"316" 1 0.976441102756892 0.976441102756892
"317" 1 0.982644524909477 0.982644524909477
"318" 1 0.997028599727622 0.997028599727622
"319" 1 0.998261517446914 0.998261517446914
"320" 1 0.974984365228268 0.974984365228268
"321" NA NA NA
"322" 1 0.986608260325407 0.986608260325407
"323" 1 0.994513715710723 0.994513715710723
"324" NA NA NA
"325" 1 0.973404919465601 0.973404919465601
"326" 1 0.992255808143892 0.992255808143892
"327" 1 0.995985447246268 0.995985447246268
"328" 1 0.976300940438872 0.976300940438872
"329" 1 0.972969621822691 0.972969621822691
"330" NA NA NA
"331" 1 0.995777970942506 0.995777970942506
"332" 1 0.99214953271028 0.99214953271028
"333" 1 0.99975 0.99975
"334" 1 0.98482209504852 0.98482209504852
"335" 1 0.999244998112495 0.999244998112495
"336" 1 0.998621035476996 0.998621035476996
"337" 1 0.983647484708526 0.983647484708526
"338" 1 0.978811434302909 0.978811434302909
"339" 1 0.999875791827102 0.999875791827102
"340" NA NA NA
"341" 1 0.980979612133267 0.980979612133267
"342" 1 0.999501060246975 0.999501060246975
"343" 1 0.99366852886406 0.99366852886406
"344" 1 0.989484226339509 0.989484226339509
"345" 1 0.958540218470705 0.958540218470705
"346" 1 0.991654210264076 0.991654210264076
"347" 1 0.987177891198805 0.987177891198805
"348" 1 0.993634548177733 0.993634548177733
"349" 1 0.997881619937695 0.997881619937695
"350" 1 0.979525185278231 0.979525185278231
"351" 1 0.996492107241293 0.996492107241293
"352" 1 0.997121041431969 0.997121041431969
"353" 1 0.994011976047904 0.994011976047904
"354" 1 0.990910222886315 0.990910222886315
"355" 1 0.999121044701155 0.999121044701155
"356" 1 0.975160761568529 0.975160761568529
"357" 1 0.977833437695679 0.977833437695679
"358" 1 0.993877296013995 0.993877296013995
"359" 1 0.980323348790575 0.980323348790575
"360" 1 0.968816530995617 0.968816530995617
"361" 1 0.990974050394885 0.990974050394885
"362" 1 0.980915554446801 0.980915554446801
"363" 1 0.976489613135962 0.976489613135962
"364" 1 0.987926047038108 0.987926047038108
"365" 1 0.993093055381138 0.993093055381138
"366" NA NA NA
"367" 1 0.998869772698732 0.998869772698732
"368" 1 0.981916363179706 0.981916363179706
"369" 1 0.987404913330839 0.987404913330839
"370" 1 0.976767424431676 0.976767424431676
"371" 1 0.993635342568326 0.993635342568326
"372" 1 0.991038088125467 0.991038088125467
"373" 1 0.967749968870626 0.967749968870626
"374" 1 0.992882117882118 0.992882117882118
"375" 1 0.988595062037849 0.988595062037849
"376" 1 0.98690119760479 0.98690119760479
"377" NA NA NA
"378" 1 0.999254843517139 0.999254843517139
"379" 1 0.969746218277285 0.969746218277285
"380" 1 0.99712140175219 0.99712140175219
"381" NA NA NA
"382" 1 0.982331715814359 0.982331715814359
"383" 1 0.975855631611699 0.975855631611699
"384" 1 0.996273754813067 0.996273754813067
"385" 1 0.98806860551827 0.98806860551827
"386" 1 0.982082866741321 0.982082866741321
"387" 1 0.997128589263421 0.997128589263421
"388" 1 0.986809357889497 0.986809357889497
"389" 1 0.989859789684527 0.989859789684527
"390" 1 0.994099183929692 0.994099183929692
"391" 1 0.966934984520124 0.966934984520124
"392" 1 0.996134663341646 0.996134663341646
"393" 1 0.976840260390586 0.976840260390586
"394" 1 0.973825252399352 0.973825252399352
"395" 1 0.997497184332374 0.997497184332374
"396" 1 0.980392156862745 0.980392156862745
"397" 1 0.993977415307403 0.993977415307403
"398" 1 0.975564144121681 0.975564144121681
"399" 1 0.995363408521303 0.995363408521303
"400" 1 0.977939333166207 0.977939333166207
"401" 1 0.991576861142079 0.991576861142079
"402" 1 0.990036119068377 0.990036119068377
"403" 1 0.99219045219801 0.99219045219801
"404" 1 0.979509233493549 0.979509233493549
"405" 1 0.982631513182557 0.982631513182557
"406" 1 0.991872968242061 0.991872968242061
"407" 1 0.967120181405896 0.967120181405896
"408" 1 0.997875 0.997875
"409" 1 0.975344180225282 0.975344180225282
"410" 1 0.987421383647799 0.987421383647799
"411" 1 0.988232348522784 0.988232348522784
"412" 1 0.999252429603788 0.999252429603788
"413" 1 0.993877296013995 0.993877296013995
"414" 1 0.983980827447023 0.983980827447023
"415" 1 0.991752061984504 0.991752061984504
"416" 1 0.992620387742339 0.992620387742339
"417" 1 0.995477955030775 0.995477955030775
"418" 1 0.994996873045654 0.994996873045654
"419" 1 0.983084826462849 0.983084826462849
"420" 1 0.993979681424809 0.993979681424809
"421" 1 0.981934512608205 0.981934512608205
"422" 1 0.96690575059771 0.96690575059771
"423" 1 0.980974881870182 0.980974881870182
"424" NA NA NA
"425" 1 0.988719474401884 0.988719474401884
"426" 1 0.998868778280543 0.998868778280543
"427" 1 0.997115264016054 0.997115264016054
"428" 1 0.996996245306633 0.996996245306633
"429" 1 0.997011207970112 0.997011207970112
"430" 1 0.975965773247766 0.975965773247766
"431" 1 0.986944514185288 0.986944514185288
"432" 1 0.97189460476788 0.97189460476788
"433" 1 0.982732919254658 0.982732919254658
"434" 1 0.993987975951904 0.993987975951904
"435" 1 0.971309928274821 0.971309928274821
"436" 1 0.97671812749004 0.97671812749004
"437" 1 0.978092138207311 0.978092138207311
"438" NA NA NA
"439" NA NA NA
"440" 1 0.980278859439769 0.980278859439769
"441" 1 0.999874497991968 0.999874497991968
"442" 1 0.998390491519128 0.998390491519128
"443" 1 0.978712747307789 0.978712747307789
"444" 1 0.97794942070512 0.97794942070512
"445" 1 0.998749531074153 0.998749531074153
"446" 1 0.970731707317073 0.970731707317073
"447" 1 0.988200223574711 0.988200223574711
"448" 1 0.988010490820532 0.988010490820532
"449" 1 0.953214911183388 0.953214911183388
"450" 1 0.995375 0.995375
"451" NA NA NA
"452" 1 0.975339394694233 0.975339394694233
"453" 1 0.979515363477392 0.979515363477392
"454" 1 0.98001998001998 0.98001998001998
"455" 1 0.983848925332339 0.983848925332339
"456" 1 0.996983408748115 0.996983408748115
"457" 1 0.981430363864492 0.981430363864492
"458" 1 0.998505603985056 0.998505603985056
"459" 1 0.990223113562296 0.990223113562296
"460" 1 0.979558565337346 0.979558565337346
"461" 1 0.977059044753667 0.977059044753667
"462" 1 0.996262148018938 0.996262148018938
"463" 1 0.990276738967838 0.990276738967838
"464" 1 0.986696787148594 0.986696787148594
"465" NA NA NA
"466" 1 0.97876304023845 0.97876304023845
"467" 1 0.974718397997497 0.974718397997497
"468" 1 0.975903614457831 0.975903614457831
"469" 1 0.986792923000249 0.986792923000249
"470" 1 0.990473802958135 0.990473802958135
"471" 1 0.990314465408805 0.990314465408805
"472" 1 0.992507492507492 0.992507492507492
"473" 1 0.954954954954955 0.954954954954955
"474" 1 0.977286908773244 0.977286908773244
"475" 1 0.995753185111167 0.995753185111167
"476" 1 0.992420477137177 0.992420477137177
"477" 1 0.988540109616343 0.988540109616343
"478" 1 0.989877530617346 0.989877530617346
"479" 1 0.987917289486796 0.987917289486796
"480" 1 0.998625 0.998625
"481" 1 0.997359486986043 0.997359486986043
"482" NA NA NA
"483" 1 0.999498935237379 0.999498935237379
"484" 1 0.98364340117368 0.98364340117368
"485" 1 0.988524385680429 0.988524385680429
"486" 1 0.990561288698716 0.990561288698716
"487" 1 0.978723404255319 0.978723404255319
"488" 1 0.962557532031347 0.962557532031347
"489" 1 0.964907914385266 0.964907914385266
"490" 1 0.99950149551346 0.99950149551346
"491" 1 0.984721352536005 0.984721352536005
"492" 1 0.989469772051536 0.989469772051536
"493" 1 0.984541912781199 0.984541912781199
"494" 1 0.994173794471303 0.994173794471303
"495" 1 0.965217391304348 0.965217391304348
"496" 1 0.983567184932373 0.983567184932373
"497" 1 0.974333291598848 0.974333291598848
"498" 1 0.987437810945274 0.987437810945274
"499" 1 0.984966173891255 0.984966173891255
"500" 1 0.976573208722741 0.976573208722741
"501" 1 0.97142144015974 0.97142144015974
"502" 1 0.983052975144364 0.983052975144364
"503" 1 0.986014867078241 0.986014867078241
"504" 1 0.977343847790712 0.977343847790712
"505" 1 0.962593516209476 0.962593516209476
"506" 1 0.999499749874938 0.999499749874938
"507" 1 0.989153472135644 0.989153472135644
"508" 1 0.983426791277259 0.983426791277259
"509" 1 0.988704819277108 0.988704819277108
"510" 1 0.972680347475765 0.972680347475765
"511" 1 0.998257189094983 0.998257189094983
"512" 1 0.98486164536543 0.98486164536543
"513" 1 0.961244199172206 0.961244199172206
"514" 1 0.959633947599348 0.959633947599348
"515" 1 0.990534313114958 0.990534313114958
"516" 1 0.990974050394885 0.990974050394885
"517" 1 0.97633209417596 0.97633209417596
"518" 1 0.969324391455539 0.969324391455539
"519" 1 0.991392215568862 0.991392215568862
"520" 1 0.979088872292756 0.979088872292756
"521" 1 0.99139543583988 0.99139543583988
"522" 1 0.975829680651221 0.975829680651221
"523" 1 0.982985593641331 0.982985593641331
"524" 1 0.985903193612774 0.985903193612774
"525" 1 0.986333706050441 0.986333706050441
"526" 1 0.982873693489485 0.982873693489485
"527" 1 0.985880294889416 0.985880294889416
"528" 1 0.976017986510117 0.976017986510117
"529" 1 0.981492982238231 0.981492982238231
"530" 1 0.989237892629208 0.989237892629208
"531" 1 0.980158231822178 0.980158231822178
"532" NA NA NA
"533" 1 0.992761762136528 0.992761762136528
"534" NA NA NA
"535" 1 0.991235758106924 0.991235758106924
"536" 1 0.993046933200894 0.993046933200894
"537" 1 0.977444556451613 0.977444556451613
"538" 1 0.980603178575898 0.980603178575898
"539" 1 0.983581902494047 0.983581902494047
"540" 1 0.989494747373687 0.989494747373687
"541" 1 0.999625468164794 0.999625468164794
"542" 1 0.996127420362274 0.996127420362274
"543" 1 0.972211838006231 0.972211838006231
"544" 1 0.972437985467301 0.972437985467301
"545" 1 1 1
"546" 1 0.993399750933997 0.993399750933997
"547" 1 0.994070148877113 0.994070148877113
"548" 1 0.989010989010989 0.989010989010989
"549" 1 0.961976235146967 0.961976235146967
"550" 1 0.997516145057129 0.997516145057129
"551" 1 0.968602630925788 0.968602630925788
"552" NA NA NA
"553" 1 0.999375546396903 0.999375546396903
"554" 1 0.974406991260924 0.974406991260924
"555" 1 0.988598935900684 0.988598935900684
"556" NA NA NA
"557" 1 0.981009495252374 0.981009495252374
"558" 1 0.979668205064238 0.979668205064238
"559" 1 0.974220998623451 0.974220998623451
"560" 1 0.9920724801812 0.9920724801812
"561" 1 0.974352558488678 0.974352558488678
"562" NA NA NA
"563" 1 0.952362996480643 0.952362996480643
"564" 1 0.986227619882309 0.986227619882309
"565" 1 0.987503093293739 0.987503093293739
"566" 1 0.982372796599575 0.982372796599575
"567" NA NA NA
"568" 1 0.985570890840652 0.985570890840652
"569" 1 0.999003735990037 0.999003735990037
"570" 1 0.990148397555805 0.990148397555805
"571" 1 0.976288531136903 0.976288531136903
"572" 1 0.997885835095137 0.997885835095137
"573" 1 0.963316582914573 0.963316582914573
"574" 1 0.983542713567839 0.983542713567839
"575" 1 0.990002499375156 0.990002499375156
"576" 1 0.988866649987491 0.988866649987491
"577" 1 0.973596132391224 0.973596132391224
"578" 1 0.988167891393698 0.988167891393698
"579" 1 0.996740629309264 0.996740629309264
"580" 1 0.982355864811133 0.982355864811133
"581" 1 0.99023290758828 0.99023290758828
"582" NA NA NA
"583" 1 0.981486114585939 0.981486114585939
"584" 1 0.968295412159642 0.968295412159642
"585" 1 0.998234552332913 0.998234552332913
"586" 1 0.975357007456085 0.975357007456085
"587" 1 0.990761548064919 0.990761548064919
"588" 1 0.994618946314604 0.994618946314604
"589" 1 0.995636454307443 0.995636454307443
"590" 1 0.997134313481186 0.997134313481186
"591" 1 0.991245622811406 0.991245622811406
"592" 1 0.991765439800374 0.991765439800374
"593" 1 0.993182944967774 0.993182944967774
"594" 1 0.987578419071518 0.987578419071518
"595" 1 0.999249343175278 0.999249343175278
"596" 1 0.969238464424159 0.969238464424159
"597" 1 0.974817020220816 0.974817020220816
"598" 1 0.991271820448878 0.991271820448878
"599" 1 0.999751181886041 0.999751181886041
"600" 1 0.972607927291088 0.972607927291088
"601" 1 0.997098157961141 0.997098157961141
"602" 1 0.995233316608128 0.995233316608128
"603" 1 0.979913205207688 0.979913205207688
"604" 1 0.992994746059545 0.992994746059545
"605" 1 0.996248593222458 0.996248593222458
"606" 1 0.976538125545988 0.976538125545988
"607" 1 0.974371796474559 0.974371796474559
"608" 1 0.98001249219238 0.98001249219238
"609" 1 0.981061081148877 0.981061081148877
"610" 1 0.996245306633292 0.996245306633292
"611" 1 0.985957873620863 0.985957873620863
"612" 1 0.985175034259375 0.985175034259375
"613" 1 0.978031525381656 0.978031525381656
"614" NA NA NA
"615" 1 0.983745936484121 0.983745936484121
"616" NA NA NA
"617" 1 0.997740963855422 0.997740963855422
"618" 1 0.990488110137672 0.990488110137672
"619" 1 0.980495784572795 0.980495784572795
"620" 1 0.980735551663748 0.980735551663748
"621" 1 0.991627093226693 0.991627093226693
"622" 1 0.995750531183602 0.995750531183602
"623" 1 0.990625 0.990625
"624" 1 0.996117234468938 0.996117234468938
"625" 1 0.98562421185372 0.98562421185372
"626" 1 0.989804799204277 0.989804799204277
"627" 1 0.992547509626133 0.992547509626133
"628" 1 0.986535799672833 0.986535799672833
"629" 1 0.998377231306953 0.998377231306953
"630" 1 0.973222069996264 0.973222069996264
"631" 1 0.977420159680639 0.977420159680639
"632" NA NA NA
"633" 1 0.996102589891878 0.996102589891878
"634" 1 0.983694970525524 0.983694970525524
"635" 1 0.976851275668948 0.976851275668948
"636" 1 0.984392558371832 0.984392558371832
"637" 1 0.99176749407509 0.99176749407509
"638" 1 0.997497810584261 0.997497810584261
"639" 1 0.998369087943796 0.998369087943796
"640" 1 0.967689822294023 0.967689822294023
"641" 1 0.968977876653071 0.968977876653071
"642" 1 0.99214953271028 0.99214953271028
"643" 1 0.973067769009144 0.973067769009144
"644" 1 0.972628421447319 0.972628421447319
"645" 1 0.999498243853487 0.999498243853487
"646" 1 0.977030047181525 0.977030047181525
"647" NA NA NA
"648" 1 0.969613605101913 0.969613605101913
"649" 1 0.994135995009357 0.994135995009357
"650" 1 0.989839438033116 0.989839438033116
"651" 1 0.978505373656586 0.978505373656586
"652" 1 0.972962823882839 0.972962823882839
"653" 1 0.996000499937508 0.996000499937508
"654" 1 0.996608892238131 0.996608892238131
"655" 1 0.993118118118118 0.993118118118118
"656" NA NA NA
"657" 1 0.979619904976244 0.979619904976244
"658" 1 0.985505435461702 0.985505435461702
"659" NA NA NA
"660" 1 0.985578747628084 0.985578747628084
"661" 1 0.987030801845617 0.987030801845617
"662" 1 0.979403320434403 0.979403320434403
"663" 1 0.993391521197007 0.993391521197007
"664" 1 0.998876684972541 0.998876684972541
"665" 1 0.995381927109336 0.995381927109336
"666" 1 0.989165628891656 0.989165628891656
"667" 1 0.979558565337346 0.979558565337346
"668" 1 0.986081504702194 0.986081504702194
"669" 1 0.974554072595734 0.974554072595734
"670" 1 0.982773796051804 0.982773796051804
"671" 1 0.991202714590926 0.991202714590926
"672" 1 0.982434284290519 0.982434284290519
"673" 1 0.987192240736135 0.987192240736135
"674" 1 0.989457831325301 0.989457831325301
"675" 1 0.988622155538885 0.988622155538885
"676" 1 0.980678135128397 0.980678135128397
"677" 1 0.984820206544731 0.984820206544731
"678" 1 0.991897282473199 0.991897282473199
"679" 1 0.991184504593991 0.991184504593991
"680" 1 0.985076498620517 0.985076498620517
"681" 1 0.989945959532487 0.989945959532487
"682" 1 0.993757023348733 0.993757023348733
"683" 1 0.979725475380934 0.979725475380934
"684" 1 0.994497248624312 0.994497248624312
"685" 1 0.997878447522775 0.997878447522775
"686" 1 0.966127401415571 0.966127401415571
"687" NA NA NA
"688" 1 0.984526355516417 0.984526355516417
"689" 1 0.981918633852335 0.981918633852335
"690" 1 0.972190905674558 0.972190905674558
"691" 1 0.988043342882053 0.988043342882053
"692" 1 0.979602115336187 0.979602115336187
"693" 1 0.954719782259062 0.954719782259062
"694" 1 0.993090452261307 0.993090452261307
"695" 1 0.975542455788285 0.975542455788285
"696" 1 0.996741446296528 0.996741446296528
"697" 1 0.973229922441831 0.973229922441831
"698" 1 0.991783891447778 0.991783891447778
"699" 1 0.994794248884482 0.994794248884482
"700" 1 0.988728866624922 0.988728866624922
"701" 1 0.994027622247107 0.994027622247107
"702" 1 0.988008993255059 0.988008993255059
"703" 1 0.987297633872976 0.987297633872976
"704" 1 0.96908771048002 0.96908771048002
"705" 1 0.993530729037074 0.993530729037074
"706" NA NA NA
"707" 1 0.973648057949294 0.973648057949294
"708" 1 0.99761546184739 0.99761546184739
"709" 1 0.998377433849226 0.998377433849226
"710" 1 0.996746746746747 0.996746746746747
"711" 1 0.973766007708566 0.973766007708566
"712" 1 0.985685835200398 0.985685835200398
"713" 1 0.989670192906036 0.989670192906036
"714" NA NA NA
"715" 1 0.999248402856069 0.999248402856069
"716" 1 0.999750343277993 0.999750343277993
"717" 1 0.979612257661038 0.979612257661038
"718" NA NA NA
"719" 1 0.996625 0.996625
"720" 1 0.972619944737503 0.972619944737503
"721" 1 0.999498054962982 0.999498054962982
"722" 1 0.998237219843868 0.998237219843868
"723" 1 0.991325119436761 0.991325119436761
"724" 1 0.997854348100467 0.997854348100467
"725" 1 0.997997997997998 0.997997997997998
"726" 1 0.978258137489003 0.978258137489003
"727" 1 0.996224990562476 0.996224990562476
"728" 1 0.990207156308851 0.990207156308851
"729" 1 0.984375 0.984375
"730" 1 0.995975349012703 0.995975349012703
"731" 1 0.976557603108938 0.976557603108938
"732" 1 0.984848484848485 0.984848484848485
"733" 1 0.994213108567115 0.994213108567115
"734" 1 0.974442089515023 0.974442089515023
"735" 1 0.979171863307558 0.979171863307558
"736" 1 0.977986643581499 0.977986643581499
"737" 1 0.953954697363535 0.953954697363535
"738" 1 0.971529798810578 0.971529798810578
"739" 1 0.981863664790494 0.981863664790494
"740" 1 0.97189460476788 0.97189460476788
"741" 1 0.985717865196693 0.985717865196693
"742" 1 0.981859126735894 0.981859126735894
"743" 1 0.997637109812212 0.997637109812212
"744" 1 0.995529061102832 0.995529061102832
"745" 1 0.981003228209585 0.981003228209585
"746" 1 0.988279301745636 0.988279301745636
"747" 1 0.979265550836872 0.979265550836872
"748" 1 0.973871733966746 0.973871733966746
"749" 1 0.988876390451194 0.988876390451194
"750" 1 0.99003984063745 0.99003984063745
"751" 1 0.967494015371047 0.967494015371047
"752" 1 0.996099647710116 0.996099647710116
"753" 1 0.991596638655462 0.991596638655462
"754" 1 0.994168010919469 0.994168010919469
"755" 1 0.998383285660987 0.998383285660987
"756" 1 0.982495623905976 0.982495623905976
"757" 1 0.983639315598851 0.983639315598851
"758" 1 0.99250936329588 0.99250936329588
"759" 1 0.99449173760641 0.99449173760641
"760" 1 0.977168949771689 0.977168949771689
"761" 1 0.993092187892489 0.993092187892489
"762" 1 0.953444832750874 0.953444832750874
"763" 1 0.974176646706587 0.974176646706587
"764" 1 0.96145265245414 0.96145265245414
"765" 1 0.975833857772184 0.975833857772184
"766" 1 0.98428927680798 0.98428927680798
"767" 1 0.981592787377911 0.981592787377911
"768" 1 0.992900734836219 0.992900734836219
"769" 1 0.990198511166253 0.990198511166253
"770" 1 0.981727781230578 0.981727781230578
"771" 1 0.997744926083688 0.997744926083688
"772" 1 0.97635814889336 0.97635814889336
"773" 1 0.986820428336079 0.986820428336079
"774" 1 0.998628086804689 0.998628086804689
"775" 1 0.986837156825874 0.986837156825874
"776" 1 0.991862794191287 0.991862794191287
"777" 1 0.983945239576851 0.983945239576851
"778" 1 0.991106100463485 0.991106100463485
"779" 1 0.99386733416771 0.99386733416771
"780" 1 0.9941065830721 0.9941065830721
"781" 1 0.997862441845844 0.997862441845844
"782" 1 0.971823962099489 0.971823962099489
"783" 1 0.995488156410578 0.995488156410578
"784" 1 0.996615693156179 0.996615693156179
"785" 1 0.995081967213115 0.995081967213115
"786" 1 0.988901220865705 0.988901220865705
"787" 1 0.989866132866258 0.989866132866258
"788" 1 0.996871480415467 0.996871480415467
"789" 1 0.994856999498244 0.994856999498244
"790" 1 0.980543776502869 0.980543776502869
"791" 1 0.98728813559322 0.98728813559322
"792" 1 0.979354021532616 0.979354021532616
"793" 1 0.990384615384615 0.990384615384615
"794" 1 0.993975903614458 0.993975903614458
"795" NA NA NA
"796" 1 0.983578004478726 0.983578004478726
"797" 1 0.991304347826087 0.991304347826087
"798" 1 0.997016038791496 0.997016038791496
"799" 1 0.999252522735767 0.999252522735767
"800" 1 0.985710735586481 0.985710735586481
"801" 1 0.989578101456554 0.989578101456554
"802" 1 0.980525191606986 0.980525191606986
"803" 1 0.992375 0.992375
"804" 1 0.966257288177645 0.966257288177645
"805" 1 0.990318977286831 0.990318977286831
"806" 1 0.976062163178343 0.976062163178343
"807" 1 0.98684869739479 0.98684869739479
"808" 1 0.976834460305535 0.976834460305535
"809" 1 0.992175856929955 0.992175856929955
"810" 1 0.989520202020202 0.989520202020202
"811" 1 0.993244088577505 0.993244088577505
"812" NA NA NA
"813" 1 0.995607980926089 0.995607980926089
"814" 1 0.971977883890425 0.971977883890425
"815" 1 0.978913016191791 0.978913016191791
"816" 1 0.995118898623279 0.995118898623279
"817" NA NA NA
"818" 1 0.985403296841575 0.985403296841575
"819" 1 0.997485541865728 0.997485541865728
"820" 1 0.967826412270857 0.967826412270857
"821" 1 0.99838889577395 0.99838889577395
"822" 1 0.982667671439337 0.982667671439337
"823" 1 0.999000249937516 0.999000249937516
"824" 1 0.975254911713504 0.975254911713504
"825" 1 0.963522798251093 0.963522798251093
"826" 1 0.973553513781972 0.973553513781972
"827" 1 0.990184975462439 0.990184975462439
"828" 1 0.981087470449173 0.981087470449173
"829" 1 0.997755051134946 0.997755051134946
"830" NA NA NA
"831" 1 0.995448223542799 0.995448223542799
"832" 1 0.993346723575195 0.993346723575195
"833" 1 0.989332329317269 0.989332329317269
"834" 1 0.997876061969015 0.997876061969015
"835" 1 0.9925 0.9925
"836" 1 0.997745208568207 0.997745208568207
"837" 1 0.996758912989279 0.996758912989279
"838" 1 1 1
"839" 1 0.980256539235412 0.980256539235412
"840" 1 0.988342943093507 0.988342943093507
"841" 1 0.964899084868998 0.964899084868998
"842" 1 0.990483345855247 0.990483345855247
"843" 1 0.972229140722291 0.972229140722291
"844" 1 0.988136431043005 0.988136431043005
"845" 1 0.98376420631947 0.98376420631947
"846" 1 0.970739027135176 0.970739027135176
"847" 1 0.978795483061481 0.978795483061481
"848" 1 0.992697053638882 0.992697053638882
"849" 1 0.987437810945274 0.987437810945274
"850" 1 0.981739130434783 0.981739130434783
"851" 1 0.992498124531133 0.992498124531133
"852" 1 0.979663131628197 0.979663131628197
"853" 1 0.990220351572171 0.990220351572171
"854" 1 0.992414822183536 0.992414822183536
"855" 1 0.981134432783608 0.981134432783608
"856" 1 0.962685635841757 0.962685635841757
"857" 1 0.978056037689065 0.978056037689065
"858" 1 0.975200493522517 0.975200493522517
"859" 1 0.989435744469301 0.989435744469301
"860" 1 0.970818328573202 0.970818328573202
"861" 1 0.986489836390679 0.986489836390679
"862" NA NA NA
"863" 1 0.992084432717678 0.992084432717678
"864" 1 0.988 0.988
"865" 1 0.993670100533697 0.993670100533697
"866" NA NA NA
"867" 1 0.976671265521134 0.976671265521134
"868" 1 0.993232234615867 0.993232234615867
"869" 1 0.993497561585595 0.993497561585595
"870" 1 0.968520592260794 0.968520592260794
"871" 1 0.986375 0.986375
"872" 1 0.985115697310819 0.985115697310819
"873" 1 0.974818341267853 0.974818341267853
"874" 1 0.990089072889223 0.990089072889223
"875" 1 0.973802395209581 0.973802395209581
"876" 1 0.988142785821268 0.988142785821268
"877" 1 0.995774297787721 0.995774297787721
"878" NA NA NA
"879" 1 0.97313507434712 0.97313507434712
"880" 1 0.983586016789876 0.983586016789876
"881" 1 0.979148457984767 0.979148457984767
"882" 1 0.971453502867115 0.971453502867115
"883" 1 0.998877665544332 0.998877665544332
"884" 1 0.973697394789579 0.973697394789579
"885" 1 0.985771342985522 0.985771342985522
"886" 1 0.992261607588617 0.992261607588617
"887" 1 0.988264669163546 0.988264669163546
"888" NA NA NA
"889" 1 0.987565282268092 0.987565282268092
"890" NA NA NA
"891" 1 0.990486919514332 0.990486919514332
"892" 1 0.993016585609178 0.993016585609178
"893" 1 0.997371056584877 0.997371056584877
"894" 1 0.993601806548739 0.993601806548739
"895" NA NA NA
"896" 1 0.996389442231076 0.996389442231076
"897" 1 1 1
"898" 1 0.973540372670808 0.973540372670808
"899" 1 0.980365182591296 0.980365182591296
"900" 1 0.979632889112396 0.979632889112396
"901" 1 0.978266331658291 0.978266331658291
"902" 1 0.995491546649969 0.995491546649969
"903" 1 0.98417445482866 0.98417445482866
"904" 1 0.979949558638083 0.979949558638083
"905" 1 0.987652781242205 0.987652781242205
"906" 1 0.970974944182585 0.970974944182585
"907" 1 0.999875529001743 0.999875529001743
"908" 1 0.993494307519079 0.993494307519079
"909" 1 0.99975074775673 0.99975074775673
"910" 1 0.985543369890329 0.985543369890329
"911" 1 0.995013090637078 0.995013090637078
"912" 1 0.98766830250409 0.98766830250409
"913" 1 0.984148776834748 0.984148776834748
"914" 1 0.992740926157697 0.992740926157697
"915" 1 0.997011952191235 0.997011952191235
"916" 1 0.99123246492986 0.99123246492986
"917" 1 0.988818486768543 0.988818486768543
"918" 1 0.996026325592947 0.996026325592947
"919" NA NA NA
"920" 1 0.997014554049011 0.997014554049011
"921" 1 0.970566318926975 0.970566318926975
"922" 1 0.997620538509706 0.997620538509706
"923" 1 0.968948746726525 0.968948746726525
"924" 1 0.970550901243971 0.970550901243971
"925" 1 0.999875868917577 0.999875868917577
"926" 1 0.985106118902817 0.985106118902817
"927" 1 0.990842950326141 0.990842950326141
"928" 1 0.996378169102036 0.996378169102036
"929" 1 0.97304716745695 0.97304716745695
"930" 1 0.977306547619048 0.977306547619048
"931" 1 0.995549511682532 0.995549511682532
"932" 1 0.986771496318482 0.986771496318482
"933" 1 0.984438259109312 0.984438259109312
"934" 1 0.989880059970015 0.989880059970015
"935" 1 0.984015103838892 0.984015103838892
"936" 1 0.999874874874875 0.999874874874875
"937" 1 0.995106649937265 0.995106649937265
"938" 1 0.98976023976024 0.98976023976024
"939" NA NA NA
"940" 1 0.982566160792675 0.982566160792675
"941" 1 0.998489806191795 0.998489806191795
"942" 1 0.972049689440994 0.972049689440994
"943" 1 0.981018981018981 0.981018981018981
"944" 1 0.998998998998999 0.998998998998999
"945" 1 0.996480643539467 0.996480643539467
"946" 1 0.973996749593699 0.973996749593699
"947" 1 0.999001373111971 0.999001373111971
"948" 1 0.995006242197253 0.995006242197253
"949" 1 0.9658033693739 0.9658033693739
"950" 1 0.99874749498998 0.99874749498998
"951" 1 0.99712356178089 0.99712356178089
"952" 1 0.974975222993062 0.974975222993062
"953" 1 0.980180632212745 0.980180632212745
"954" 1 0.993781867926875 0.993781867926875
"955" 1 0.972529521441889 0.972529521441889
"956" 1 0.995765877957659 0.995765877957659
"957" NA NA NA
"958" 1 0.971299093655589 0.971299093655589
"959" 1 0.985290419914508 0.985290419914508
"960" 1 0.996764156813939 0.996764156813939
"961" 1 0.98450581032113 0.98450581032113
"962" 1 0.992822670461577 0.992822670461577
"963" 1 0.999376169681847 0.999376169681847
"964" 1 0.998616874135546 0.998616874135546
"965" 1 0.985964912280702 0.985964912280702
"966" 1 0.995524058187244 0.995524058187244
"967" 1 0.984176817782243 0.984176817782243
"968" 1 0.95244055068836 0.95244055068836
"969" 1 0.997877652933833 0.997877652933833
"970" 1 0.974061603691233 0.974061603691233
"971" 1 0.964563960794169 0.964563960794169
"972" 1 0.989415322580645 0.989415322580645
"973" 1 0.988630684657671 0.988630684657671
"974" 1 0.984511616287784 0.984511616287784
"975" 1 0.995338876291257 0.995338876291257
"976" 1 0.998367654445003 0.998367654445003
"977" 1 0.985168426344897 0.985168426344897
"978" 1 0.974746843355419 0.974746843355419
"979" 1 0.999375936095856 0.999375936095856
"980" NA NA NA
"981" 1 0.965036705238273 0.965036705238273
"982" 1 0.988289522860346 0.988289522860346
"983" 1 0.990575396825397 0.990575396825397
"984" 1 0.988973812805413 0.988973812805413
"985" 1 0.997114540208255 0.997114540208255
"986" 1 0.98260107648016 0.98260107648016
"987" 1 0.967697508451233 0.967697508451233
"988" 1 0.995373264974365 0.995373264974365
"989" 1 0.987481221832749 0.987481221832749
"990" NA NA NA
"991" 1 0.986564540431944 0.986564540431944
"992" 1 0.99001996007984 0.99001996007984
"993" 1 0.993553186213737 0.993553186213737
"994" 1 0.99788029925187 0.99788029925187
"995" 1 0.985601602604232 0.985601602604232
"996" 1 0.9951078775715 0.9951078775715
"997" 1 0.985761088709677 0.985761088709677
"998" 1 0.989191203876258 0.989191203876258
"999" 1 0.988040363772269 0.988040363772269
"1000" 1 0.991279431917279 0.991279431917279
