"V1" "V2" "V3"
"1" 1 0.986419137802143 0.986419137802143
"2" 1 0.998016364988842 0.998016364988842
"3" 1 0.994496560350219 0.994496560350219
"4" 1 0.990134865134865 0.990134865134865
"5" NA NA NA
"6" 1 0.993473895582329 0.993473895582329
"7" 1 0.991034740381024 0.991034740381024
"8" 1 0.988922457200403 0.988922457200403
"9" 1 0.99646017699115 0.99646017699115
"10" 1 0.992579549742171 0.992579549742171
"11" 1 0.981221241139162 0.981221241139162
"12" 1 0.975049900199601 0.975049900199601
"13" 1 0.986388611388611 0.986388611388611
"14" 1 0.987384044526902 0.987384044526902
"15" 1 0.98259454044578 0.98259454044578
"16" 1 0.988448639920507 0.988448639920507
"17" NA NA NA
"18" 1 0.988357536304457 0.988357536304457
"19" 1 0.992849077907414 0.992849077907414
"20" 1 0.994713656387665 0.994713656387665
"21" 1 0.988800398208064 0.988800398208064
"22" 1 0.997497184332374 0.997497184332374
"23" 1 0.99297629499561 0.99297629499561
"24" 1 0.971021796648608 0.971021796648608
"25" 1 0.962552873849216 0.962552873849216
"26" 1 0.983690879437963 0.983690879437963
"27" 1 0.993824873409905 0.993824873409905
"28" 1 0.995636454307443 0.995636454307443
"29" 1 0.991849529780564 0.991849529780564
"30" 1 0.982256653754842 0.982256653754842
"31" 1 0.999501619735858 0.999501619735858
"32" 1 0.99714498510427 0.99714498510427
"33" 1 0.976668339187155 0.976668339187155
"34" 1 0.989974937343358 0.989974937343358
"35" 1 0.996520874751491 0.996520874751491
"36" 1 0.976316452506929 0.976316452506929
"37" 1 0.976083145504633 0.976083145504633
"38" 1 0.988814317673378 0.988814317673378
"39" 1 0.998611461752083 0.998611461752083
"40" 1 0.988195403742308 0.988195403742308
"41" 1 0.996651785714286 0.996651785714286
"42" 1 0.997118516662491 0.997118516662491
"43" 1 0.981883608388137 0.981883608388137
"44" 1 0.995981414039935 0.995981414039935
"45" 1 0.987703889585947 0.987703889585947
"46" 1 0.975081392436764 0.975081392436764
"47" 1 0.992854456562618 0.992854456562618
"48" 1 0.98620343659852 0.98620343659852
"49" 1 0.997880034917072 0.997880034917072
"50" NA NA NA
"51" 1 0.990153309235947 0.990153309235947
"52" 1 0.982493435038139 0.982493435038139
"53" 1 0.993053801465016 0.993053801465016
"54" 1 1 1
"55" 1 0.994107321965898 0.994107321965898
"56" 1 0.991092711077657 0.991092711077657
"57" 1 0.990404984423676 0.990404984423676
"58" 1 0.978691401353723 0.978691401353723
"59" 1 0.993417784401391 0.993417784401391
"60" 1 0.986964151416395 0.986964151416395
"61" 1 0.994597311220003 0.994597311220003
"62" 1 0.986357947434293 0.986357947434293
"63" 1 0.981407536810581 0.981407536810581
"64" 1 0.997622622622623 0.997622622622623
"65" 1 0.999748680573008 0.999748680573008
"66" 1 0.988531821045999 0.988531821045999
"67" 1 0.986318407960199 0.986318407960199
"68" 1 0.98772625836846 0.98772625836846
"69" 1 0.972309628697294 0.972309628697294
"70" 1 0.974902748149078 0.974902748149078
"71" 1 0.991301106002237 0.991301106002237
"72" 1 0.965288220551378 0.965288220551378
"73" 1 0.995402584493042 0.995402584493042
"74" 1 0.994646414342629 0.994646414342629
"75" 1 0.969689440993789 0.969689440993789
"76" 1 0.967151454363089 0.967151454363089
"77" 1 0.98985597996243 0.98985597996243
"78" 1 0.998131772325321 0.998131772325321
"79" 1 0.979417670682731 0.979417670682731
"80" NA NA NA
"81" 1 0.988524385680429 0.988524385680429
"82" 1 0.975594493116395 0.975594493116395
"83" 1 0.994871153365024 0.994871153365024
"84" 1 0.987511038223792 0.987511038223792
"85" 1 0.985078369905956 0.985078369905956
"86" 1 0.989589865797065 0.989589865797065
"87" 1 0.993897122929381 0.993897122929381
"88" 1 0.995387683869359 0.995387683869359
"89" 1 0.98782172002511 0.98782172002511
"90" 1 0.980939329762053 0.980939329762053
"91" 1 0.986761583614337 0.986761583614337
"92" NA NA NA
"93" 1 0.993801140590131 0.993801140590131
"94" 1 0.998250656003999 0.998250656003999
"95" 1 0.988971499380421 0.988971499380421
"96" 1 0.993928881179532 0.993928881179532
"97" 1 0.984041890038649 0.984041890038649
"98" NA NA NA
"99" 1 0.987029184335246 0.987029184335246
"100" 1 0.986152694610778 0.986152694610778
"101" 1 0.981419129567278 0.981419129567278
"102" 1 0.99736875078311 0.99736875078311
"103" 1 0.976925006270379 0.976925006270379
"104" 1 0.984753811547113 0.984753811547113
"105" 1 0.997877387938569 0.997877387938569
"106" 1 0.981476877175535 0.981476877175535
"107" 1 0.998265179677819 0.998265179677819
"108" 1 0.988223502881483 0.988223502881483
"109" 1 0.987283950617284 0.987283950617284
"110" 1 0.971353842321584 0.971353842321584
"111" 1 0.991745872936468 0.991745872936468
"112" 1 0.994015708764493 0.994015708764493
"113" 1 0.990508305232921 0.990508305232921
"114" 1 0.995998499437289 0.995998499437289
"115" 1 0.989963618115669 0.989963618115669
"116" 1 0.989454094292804 0.989454094292804
"117" 1 0.992877670873422 0.992877670873422
"118" 1 0.984485368314833 0.984485368314833
"119" 1 0.999248873309965 0.999248873309965
"120" 1 0.998485804416404 0.998485804416404
"121" 1 0.973644388398487 0.973644388398487
"122" 1 0.999000999000999 0.999000999000999
"123" 1 0.995411137293811 0.995411137293811
"124" 1 0.994888417903005 0.994888417903005
"125" 1 0.991604010025063 0.991604010025063
"126" 1 0.977427756418207 0.977427756418207
"127" 1 0.991565368394939 0.991565368394939
"128" 1 0.988933601609658 0.988933601609658
"129" 1 0.987467101140494 0.987467101140494
"130" 1 0.998124531132783 0.998124531132783
"131" 1 0.990496436163561 0.990496436163561
"132" 1 0.982568347128167 0.982568347128167
"133" 1 0.998509687034277 0.998509687034277
"134" 1 0.981643356643357 0.981643356643357
"135" 1 0.987232966755151 0.987232966755151
"136" 1 0.99060268136825 0.99060268136825
"137" 1 0.999373982721923 0.999373982721923
"138" 1 0.992375 0.992375
"139" NA NA NA
"140" 1 0.969407976219965 0.969407976219965
"141" 1 0.992774386445746 0.992774386445746
"142" 1 0.995988466842171 0.995988466842171
"143" 1 0.979467396714783 0.979467396714783
"144" 1 0.987514046697465 0.987514046697465
"145" 1 0.981089823339139 0.981089823339139
"146" 1 0.986366479049406 0.986366479049406
"147" 1 0.991976933684342 0.991976933684342
"148" 1 0.994754589733983 0.994754589733983
"149" 1 0.981917265296012 0.981917265296012
"150" 1 0.998879900435594 0.998879900435594
"151" 1 0.992224142187114 0.992224142187114
"152" 1 0.9818407960199 0.9818407960199
"153" 1 0.951616915422886 0.951616915422886
"154" 1 0.995232120451694 0.995232120451694
"155" 1 0.981820461384152 0.981820461384152
"156" 1 0.996363636363636 0.996363636363636
"157" 1 0.99649034845826 0.99649034845826
"158" 1 0.991173545499751 0.991173545499751
"159" 1 0.982625 0.982625
"160" 1 0.979701791755419 0.979701791755419
"161" 1 0.990817610062893 0.990817610062893
"162" 1 0.975427217163528 0.975427217163528
"163" 1 0.984417850909998 0.984417850909998
"164" 1 0.971964956195244 0.971964956195244
"165" 1 0.981340012523482 0.981340012523482
"166" 1 0.987686567164179 0.987686567164179
"167" 1 0.994375 0.994375
"168" 1 0.995855312735494 0.995855312735494
"169" 1 0.984234234234234 0.984234234234234
"170" 1 0.991690796928113 0.991690796928113
"171" 1 0.995482494666834 0.995482494666834
"172" 1 0.996647212219049 0.996647212219049
"173" 1 0.999251403618216 0.999251403618216
"174" 1 0.985310593800573 0.985310593800573
"175" 1 0.981080746877705 0.981080746877705
"176" 1 0.986986986986987 0.986986986986987
"177" 1 0.997106918238994 0.997106918238994
"178" 1 0.984371061255357 0.984371061255357
"179" 1 0.98589953418104 0.98589953418104
"180" 1 0.989732031054345 0.989732031054345
"181" 1 0.980227756225754 0.980227756225754
"182" 1 0.999006828057107 0.999006828057107
"183" 1 0.985770848799802 0.985770848799802
"184" 1 0.998384491114701 0.998384491114701
"185" NA NA NA
"186" 1 0.978520286396181 0.978520286396181
"187" 1 0.99209436566696 0.99209436566696
"188" 1 0.977794505080918 0.977794505080918
"189" 1 0.997979032461791 0.997979032461791
"190" 1 0.991521197007481 0.991521197007481
"191" 1 0.978959163346614 0.978959163346614
"192" 1 0.981865932966483 0.981865932966483
"193" 1 0.988919667590028 0.988919667590028
"194" 1 0.998248686514886 0.998248686514886
"195" 1 0.990690168818272 0.990690168818272
"196" NA NA NA
"197" 1 0.996496496496497 0.996496496496497
"198" 1 0.989130434782609 0.989130434782609
"199" 1 0.997521378113769 0.997521378113769
"200" 1 0.96027397260274 0.96027397260274
"201" 1 0.984340044742729 0.984340044742729
"202" 1 0.984051831547471 0.984051831547471
"203" 1 0.99987471811576 0.99987471811576
"204" NA NA NA
"205" 1 0.99727216367018 0.99727216367018
"206" 1 0.993306390502652 0.993306390502652
"207" 1 0.983277591973244 0.983277591973244
"208" 1 0.988625 0.988625
"209" 1 0.989236545682103 0.989236545682103
"210" 1 0.995216515609265 0.995216515609265
"211" 1 0.993028756379933 0.993028756379933
"212" 1 0.993366708385482 0.993366708385482
"213" 1 0.98667672197084 0.98667672197084
"214" 1 0.996019900497512 0.996019900497512
"215" 1 0.977923552415794 0.977923552415794
"216" NA NA NA
"217" 1 0.996496934817966 0.996496934817966
"218" 1 0.977188655980271 0.977188655980271
"219" 1 0.992806647649758 0.992806647649758
"220" 1 0.995729716151721 0.995729716151721
"221" 1 0.951421059221235 0.951421059221235
"222" 1 0.94907063197026 0.94907063197026
"223" NA NA NA
"224" 1 0.99105701155136 0.99105701155136
"225" NA NA NA
"226" 1 0.994978028876334 0.994978028876334
"227" 1 0.991366366366366 0.991366366366366
"228" 1 0.973067769009144 0.973067769009144
"229" 1 0.978019233170975 0.978019233170975
"230" NA NA NA
"231" 1 0.987725450901804 0.987725450901804
"232" 1 0.998370314654632 0.998370314654632
"233" 1 0.98601747815231 0.98601747815231
"234" NA NA NA
"235" 1 0.975897564649762 0.975897564649762
"236" 1 0.999005717126523 0.999005717126523
"237" 1 0.995123780945236 0.995123780945236
"238" 1 0.995045212436517 0.995045212436517
"239" 1 0.971568136272545 0.971568136272545
"240" NA NA NA
"241" 1 0.980790819508544 0.980790819508544
"242" 1 0.98658551732704 0.98658551732704
"243" 1 0.990644879630785 0.990644879630785
"244" 1 0.984998760228118 0.984998760228118
"245" 1 0.99849454271735 0.99849454271735
"246" 1 0.99339481555334 0.99339481555334
"247" 1 0.983486466352123 0.983486466352123
"248" 1 0.998374593648412 0.998374593648412
"249" 1 0.988255872063968 0.988255872063968
"250" 1 0.994779366065879 0.994779366065879
"251" 1 0.996486384740871 0.996486384740871
"252" 1 0.999114708486151 0.999114708486151
"253" 1 0.986629667003027 0.986629667003027
"254" 1 0.953068139038775 0.953068139038775
"255" 1 0.969081161949882 0.969081161949882
"256" 1 0.996851781891449 0.996851781891449
"257" 1 0.997244488977956 0.997244488977956
"258" 1 0.999123136665414 0.999123136665414
"259" 1 0.998358793081682 0.998358793081682
"260" 1 0.99217488510744 0.99217488510744
"261" 1 0.991579741108458 0.991579741108458
"262" 1 0.995854792111544 0.995854792111544
"263" 1 0.994374296787098 0.994374296787098
"264" 1 0.980587356893977 0.980587356893977
"265" 1 0.985393258426966 0.985393258426966
"266" 1 0.99125 0.99125
"267" 1 0.99962410725473 0.99962410725473
"268" 1 0.99827010997158 0.99827010997158
"269" 1 0.99321608040201 0.99321608040201
"270" 1 0.995232718604943 0.995232718604943
"271" 1 0.998502994011976 0.998502994011976
"272" 1 0.987468671679198 0.987468671679198
"273" 1 0.988673139158576 0.988673139158576
"274" 1 0.991088238985816 0.991088238985816
"275" 1 0.983129799823744 0.983129799823744
"276" 1 0.995272455834785 0.995272455834785
"277" 1 0.98204712629348 0.98204712629348
"278" 1 0.990270674816016 0.990270674816016
"279" 1 0.992999124890611 0.992999124890611
"280" 1 0.998759766836165 0.998759766836165
"281" 1 0.972330036309002 0.972330036309002
"282" 1 0.991672880934626 0.991672880934626
"283" 1 0.998489235805111 0.998489235805111
"284" 1 0.983612709532149 0.983612709532149
"285" 1 0.97904905281646 0.97904905281646
"286" 1 0.992884783422794 0.992884783422794
"287" 1 0.984244091534325 0.984244091534325
"288" 1 0.988693467336683 0.988693467336683
"289" 1 0.98222719363659 0.98222719363659
"290" 1 0.98876404494382 0.98876404494382
"291" 1 0.982869379014989 0.982869379014989
"292" 1 0.989956057752668 0.989956057752668
"293" 1 0.99924821450946 0.99924821450946
"294" 1 0.985048807611516 0.985048807611516
"295" 1 0.980988117573483 0.980988117573483
"296" NA NA NA
"297" 1 0.990164342629482 0.990164342629482
"298" 1 0.986824114356743 0.986824114356743
"299" 1 0.99475 0.99475
"300" 1 0.984101151727591 0.984101151727591
"301" NA NA NA
"302" 1 0.998260004971414 0.998260004971414
"303" 1 0.991375 0.991375
"304" 1 0.98940281760379 0.98940281760379
"305" 1 0.975028093394931 0.975028093394931
"306" 1 0.993509735396905 0.993509735396905
"307" 1 0.995612385608625 0.995612385608625
"308" NA NA NA
"309" 1 0.977227476356396 0.977227476356396
"310" 1 0.998498122653317 0.998498122653317
"311" 1 0.996116261588574 0.996116261588574
"312" 1 0.97929658268895 0.97929658268895
"313" 1 0.970958494328805 0.970958494328805
"314" 1 0.99638764324863 0.99638764324863
"315" 1 0.990340557275542 0.990340557275542
"316" 1 0.979372421552694 0.979372421552694
"317" 1 0.998000249968754 0.998000249968754
"318" 1 0.993387398627573 0.993387398627573
"319" 1 0.990893213572854 0.990893213572854
"320" 1 0.991088238985816 0.991088238985816
"321" 1 0.990812987666751 0.990812987666751
"322" 1 0.9950974230044 0.9950974230044
"323" 1 0.990275526742301 0.990275526742301
"324" 1 0.988437150317046 0.988437150317046
"325" 1 0.989509179467966 0.989509179467966
"326" 1 0.998257622899813 0.998257622899813
"327" 1 0.988603631809643 0.988603631809643
"328" 1 0.993996247654784 0.993996247654784
"329" 1 0.970162297128589 0.970162297128589
"330" 1 0.998364779874214 0.998364779874214
"331" 1 0.976511744127936 0.976511744127936
"332" 1 0.97176913425345 0.97176913425345
"333" 1 0.996878121878122 0.996878121878122
"334" 1 0.985503624093977 0.985503624093977
"335" 1 0.999748838377496 0.999748838377496
"336" 1 0.975567190226876 0.975567190226876
"337" 1 0.983732660781841 0.983732660781841
"338" NA NA NA
"339" 1 0.9924821450946 0.9924821450946
"340" 1 0.996762948207171 0.996762948207171
"341" NA NA NA
"342" 1 0.995751062234441 0.995751062234441
"343" NA NA NA
"344" 1 0.980358030830433 0.980358030830433
"345" 1 0.977106918238994 0.977106918238994
"346" 1 0.987771739130435 0.987771739130435
"347" NA NA NA
"348" 1 0.992491552997122 0.992491552997122
"349" 1 0.989020586400499 0.989020586400499
"350" 1 0.982223335002504 0.982223335002504
"351" 1 0.98260107648016 0.98260107648016
"352" 1 0.999117164837937 0.999117164837937
"353" 1 0.979773869346734 0.979773869346734
"354" 1 0.998139650254248 0.998139650254248
"355" 1 0.994816734542762 0.994816734542762
"356" 1 0.99527950310559 0.99527950310559
"357" 1 0.995985447246268 0.995985447246268
"358" 1 0.994739478957916 0.994739478957916
"359" 1 0.996388542963885 0.996388542963885
"360" 1 0.994464712542458 0.994464712542458
"361" 1 0.978880279930017 0.978880279930017
"362" 1 0.985039564787339 0.985039564787339
"363" 1 0.997386759581881 0.997386759581881
"364" 1 0.994747373686843 0.994747373686843
"365" 1 0.986043613707165 0.986043613707165
"366" 1 0.998751872191712 0.998751872191712
"367" 1 0.994998749687422 0.994998749687422
"368" NA NA NA
"369" 1 0.990730301891519 0.990730301891519
"370" 1 0.987870451419282 0.987870451419282
"371" 1 0.989676444668261 0.989676444668261
"372" 1 0.986853637160386 0.986853637160386
"373" 1 0.992768079800499 0.992768079800499
"374" NA NA NA
"375" 1 0.969176794887859 0.969176794887859
"376" NA NA NA
"377" 1 0.995398582265887 0.995398582265887
"378" 1 0.999380190901202 0.999380190901202
"379" 1 0.986721783790555 0.986721783790555
"380" 1 0.97229882175984 0.97229882175984
"381" 1 0.999751676185746 0.999751676185746
"382" 1 0.995989472364958 0.995989472364958
"383" 1 0.977730514199925 0.977730514199925
"384" 1 0.988017973040439 0.988017973040439
"385" 1 0.996516546404578 0.996516546404578
"386" 1 0.983802109492717 0.983802109492717
"387" NA NA NA
"388" 1 0.967774548211803 0.967774548211803
"389" 1 0.98998372355077 0.98998372355077
"390" 1 0.982042648709315 0.982042648709315
"391" 1 0.987173100871731 0.987173100871731
"392" 1 0.999749843652283 0.999749843652283
"393" 1 0.991734502191609 0.991734502191609
"394" 1 0.994895418326693 0.994895418326693
"395" 1 0.973091364205257 0.973091364205257
"396" 1 0.991667718722384 0.991667718722384
"397" 1 0.99937741252646 0.99937741252646
"398" 1 0.983299849321949 0.983299849321949
"399" 1 0.998756373585375 0.998756373585375
"400" 1 0.992981576638676 0.992981576638676
"401" 1 0.978144123891595 0.978144123891595
"402" 1 0.998756373585375 0.998756373585375
"403" 1 0.994237033324981 0.994237033324981
"404" 1 0.993157501866136 0.993157501866136
"405" 1 0.994618946314604 0.994618946314604
"406" 1 0.994753934549088 0.994753934549088
"407" 1 0.985412474849095 0.985412474849095
"408" 1 0.997641802159613 0.997641802159613
"409" 1 1 1
"410" 1 0.996243896331539 0.996243896331539
"411" 1 0.995755835725877 0.995755835725877
"412" 1 0.985794392523365 0.985794392523365
"413" 1 0.980428820742957 0.980428820742957
"414" 1 0.975990099009901 0.975990099009901
"415" 1 0.984497101083943 0.984497101083943
"416" 1 0.994105843992977 0.994105843992977
"417" 1 0.999247931812484 0.999247931812484
"418" 1 0.996846619576186 0.996846619576186
"419" 1 0.992322215229704 0.992322215229704
"420" 1 0.981020613373555 0.981020613373555
"421" 1 0.994018691588785 0.994018691588785
"422" 1 0.998493219487695 0.998493219487695
"423" 1 0.996632156667082 0.996632156667082
"424" 1 0.988633524856358 0.988633524856358
"425" 1 0.983294146764014 0.983294146764014
"426" 1 0.983092988562904 0.983092988562904
"427" 1 0.998134096280632 0.998134096280632
"428" 1 0.97782788425404 0.97782788425404
"429" 1 0.994818652849741 0.994818652849741
"430" 1 0.9791927801454 0.9791927801454
"431" 1 0.983571338304057 0.983571338304057
"432" 1 0.988599348534202 0.988599348534202
"433" 1 0.999750218558761 0.999750218558761
"434" 1 0.993095656540296 0.993095656540296
"435" 1 0.994842118505472 0.994842118505472
"436" 1 0.99762410904089 0.99762410904089
"437" 1 0.999625514916989 0.999625514916989
"438" 1 0.983569547221874 0.983569547221874
"439" 1 0.980448318804483 0.980448318804483
"440" 1 0.993589743589744 0.993589743589744
"441" 1 0.997996744710154 0.997996744710154
"442" 1 0.995993489420308 0.995993489420308
"443" 1 0.98797745773325 0.98797745773325
"444" 1 0.983441235059761 0.983441235059761
"445" 1 0.99126746506986 0.99126746506986
"446" 1 0.99017779435534 0.99017779435534
"447" 1 0.990230460921844 0.990230460921844
"448" 1 0.978255436140965 0.978255436140965
"449" 1 0.988897205588822 0.988897205588822
"450" 1 0.984322087043773 0.984322087043773
"451" 1 0.99257488044299 0.99257488044299
"452" 1 0.982420894023104 0.982420894023104
"453" 1 0.997505612372163 0.997505612372163
"454" 1 0.973670886075949 0.973670886075949
"455" 1 0.983819997471875 0.983819997471875
"456" 1 0.998109879032258 0.998109879032258
"457" 1 0.981335337592384 0.981335337592384
"458" 1 0.999751429281631 0.999751429281631
"459" 1 0.998000249968754 0.998000249968754
"460" 1 0.986683417085427 0.986683417085427
"461" 1 0.996395276569298 0.996395276569298
"462" 1 0.992902502801644 0.992902502801644
"463" 1 0.985038974101081 0.985038974101081
"464" NA NA NA
"465" 1 0.977318548387097 0.977318548387097
"466" 1 0.995134730538922 0.995134730538922
"467" NA NA NA
"468" 1 0.998009702699341 0.998009702699341
"469" 1 0.9957621837218 0.9957621837218
"470" 1 0.997744360902256 0.997744360902256
"471" 1 0.983943803311591 0.983943803311591
"472" 1 0.995131086142322 0.995131086142322
"473" 1 0.980282041682266 0.980282041682266
"474" 1 0.983959899749373 0.983959899749373
"475" 1 0.983631138323129 0.983631138323129
"476" 1 0.988636363636364 0.988636363636364
"477" NA NA NA
"478" 1 0.976844972758791 0.976844972758791
"479" 1 0.968995143817706 0.968995143817706
"480" 1 0.987498421517868 0.987498421517868
"481" 1 0.995890410958904 0.995890410958904
"482" 1 0.977691924227318 0.977691924227318
"483" 1 0.982165128460963 0.982165128460963
"484" 1 0.996348986529019 0.996348986529019
"485" 1 0.981367226061204 0.981367226061204
"486" 1 0.990905693285163 0.990905693285163
"487" NA NA NA
"488" 1 0.999626865671642 0.999626865671642
"489" 1 0.968976732549412 0.968976732549412
"490" NA NA NA
"491" NA NA NA
"492" NA NA NA
"493" 1 0.995773247140726 0.995773247140726
"494" NA NA NA
"495" 1 0.99911805468061 0.99911805468061
"496" 1 0.990762701285732 0.990762701285732
"497" 1 0.988327331429281 0.988327331429281
"498" 1 0.997996493864262 0.997996493864262
"499" 1 0.985512676408143 0.985512676408143
"500" 1 0.980577626434607 0.980577626434607
"501" 1 0.998012175425519 0.998012175425519
"502" 1 0.999251497005988 0.999251497005988
"503" 1 0.990275526742301 0.990275526742301
"504" 1 0.993105177384982 0.993105177384982
"505" 1 0.992622233337502 0.992622233337502
"506" 1 0.984013987760709 0.984013987760709
"507" 1 0.988122314885014 0.988122314885014
"508" 1 0.99060268136825 0.99060268136825
"509" 1 0.989183140619172 0.989183140619172
"510" 1 0.989149413818907 0.989149413818907
"511" NA NA NA
"512" 1 0.99121375674658 0.99121375674658
"513" 1 0.999374921865233 0.999374921865233
"514" 1 0.990713224368499 0.990713224368499
"515" 1 0.98887360920115 0.98887360920115
"516" 1 0.993063297411124 0.993063297411124
"517" 1 0.997750281214848 0.997750281214848
"518" 1 0.977080219232686 0.977080219232686
"519" 1 0.986304780876494 0.986304780876494
"520" 1 0.982674809921476 0.982674809921476
"521" 1 0.99850411368736 0.99850411368736
"522" 1 0.994672943508424 0.994672943508424
"523" 1 0.991713747645951 0.991713747645951
"524" 1 0.973733583489681 0.973733583489681
"525" 1 0.987222848553176 0.987222848553176
"526" 1 0.977420973406924 0.977420973406924
"527" 1 0.965260232440627 0.965260232440627
"528" 1 0.97725 0.97725
"529" 1 0.973811592404121 0.973811592404121
"530" 1 0.976872109013627 0.976872109013627
"531" NA NA NA
"532" 1 0.988478691774034 0.988478691774034
"533" 1 0.991719984945427 0.991719984945427
"534" 1 0.996158136076342 0.996158136076342
"535" 1 0.991743807855892 0.991743807855892
"536" 1 0.997886097985576 0.997886097985576
"537" 1 0.988904126667498 0.988904126667498
"538" 1 0.991053677932406 0.991053677932406
"539" 1 0.993601806548739 0.993601806548739
"540" 1 0.972284644194757 0.972284644194757
"541" 1 0.980603178575898 0.980603178575898
"542" 1 0.984780994803267 0.984780994803267
"543" 1 0.979701791755419 0.979701791755419
"544" 1 0.987851741663568 0.987851741663568
"545" 1 0.979955179282869 0.979955179282869
"546" 1 0.997361477572559 0.997361477572559
"547" 1 0.979694791272544 0.979694791272544
"548" 1 0.98811013767209 0.98811013767209
"549" 1 0.999374374374374 0.999374374374374
"550" 1 0.982196215139442 0.982196215139442
"551" NA NA NA
"552" 1 0.992034847542004 0.992034847542004
"553" 1 0.99775196702885 0.99775196702885
"554" 1 0.982519665376452 0.982519665376452
"555" NA NA NA
"556" 1 0.982449494949495 0.982449494949495
"557" 1 0.991627093226693 0.991627093226693
"558" 1 0.991650049850449 0.991650049850449
"559" 1 0.995628824778319 0.995628824778319
"560" 1 0.990069513406157 0.990069513406157
"561" 1 0.977278370995779 0.977278370995779
"562" 1 0.991720217498764 0.991720217498764
"563" 1 0.982176243300511 0.982176243300511
"564" 1 0.992898965989784 0.992898965989784
"565" 1 0.990008742350443 0.990008742350443
"566" 1 0.999373669046724 0.999373669046724
"567" 1 0.999498432601881 0.999498432601881
"568" 1 0.996984166876099 0.996984166876099
"569" 1 0.987145557655955 0.987145557655955
"570" 1 0.997735279315551 0.997735279315551
"571" 1 0.996145237503109 0.996145237503109
"572" NA NA NA
"573" 1 0.997998749218261 0.997998749218261
"574" 1 0.998270964554773 0.998270964554773
"575" 1 0.985576320080271 0.985576320080271
"576" 1 0.993183539510225 0.993183539510225
"577" 1 0.991732431416761 0.991732431416761
"578" 1 0.978319091952557 0.978319091952557
"579" 1 0.992820254440106 0.992820254440106
"580" 1 0.989180450192762 0.989180450192762
"581" 1 0.988647704590818 0.988647704590818
"582" 1 0.999874545226446 0.999874545226446
"583" 1 0.996534224532739 0.996534224532739
"584" 1 0.994969818913481 0.994969818913481
"585" 1 0.997503121098627 0.997503121098627
"586" 1 0.984972677595628 0.984972677595628
"587" 1 0.985385960529603 0.985385960529603
"588" 1 0.978859144358269 0.978859144358269
"589" 1 0.987806395421177 0.987806395421177
"590" 1 0.987362362362362 0.987362362362362
"591" 1 0.998744664825508 0.998744664825508
"592" 1 0.988427078148333 0.988427078148333
"593" 1 0.987540901082306 0.987540901082306
"594" 1 1 1
"595" 1 0.991362043064597 0.991362043064597
"596" 1 0.982872859107388 0.982872859107388
"597" 1 0.994506180546885 0.994506180546885
"598" 1 0.97367421845336 0.97367421845336
"599" 1 0.984382808595702 0.984382808595702
"600" 1 0.997135384232158 0.997135384232158
"601" 1 0.994650410549888 0.994650410549888
"602" 1 0.996996245306633 0.996996245306633
"603" 1 0.9860307072741 0.9860307072741
"604" 1 0.994443758488702 0.994443758488702
"605" 1 0.989107299361462 0.989107299361462
"606" 1 0.986870076278604 0.986870076278604
"607" 1 0.999254287844892 0.999254287844892
"608" 1 0.973909802459933 0.973909802459933
"609" 1 0.993366708385482 0.993366708385482
"610" 1 0.984248031003875 0.984248031003875
"611" 1 0.975807457288939 0.975807457288939
"612" 1 0.979387882573392 0.979387882573392
"613" 1 0.999374609130707 0.999374609130707
"614" 1 0.982861400894188 0.982861400894188
"615" 1 0.992076468368759 0.992076468368759
"616" NA NA NA
"617" 1 0.98694942903752 0.98694942903752
"618" 1 0.994596632319678 0.994596632319678
"619" 1 0.991459432303441 0.991459432303441
"620" 1 0.978032950574139 0.978032950574139
"621" 1 0.997498123592695 0.997498123592695
"622" 1 0.983852937523289 0.983852937523289
"623" 1 0.996123061530765 0.996123061530765
"624" 1 0.99838589520735 0.99838589520735
"625" 1 0.976083707025411 0.976083707025411
"626" 1 0.994263623893254 0.994263623893254
"627" 1 0.999003487792725 0.999003487792725
"628" 1 0.976650765754456 0.976650765754456
"629" 1 0.994880759145961 0.994880759145961
"630" 1 0.997750843433712 0.997750843433712
"631" 1 0.998494731560462 0.998494731560462
"632" 1 0.982849273910866 0.982849273910866
"633" 1 0.987899201596806 0.987899201596806
"634" 1 0.997251717676452 0.997251717676452
"635" 1 0.999244142101285 0.999244142101285
"636" 1 0.96512064008001 0.96512064008001
"637" 1 0.992623155788947 0.992623155788947
"638" 1 0.992996498249125 0.992996498249125
"639" 1 0.981870467616904 0.981870467616904
"640" 1 0.992633287551505 0.992633287551505
"641" 1 0.982816585730295 0.982816585730295
"642" 1 0.988375 0.988375
"643" 1 0.972625 0.972625
"644" 1 0.998864926220204 0.998864926220204
"645" 1 0.987859824780976 0.987859824780976
"646" 1 0.981536555142503 0.981536555142503
"647" 1 0.990466633216257 0.990466633216257
"648" 1 0.998999624859322 0.998999624859322
"649" 1 0.977632570997738 0.977632570997738
"650" NA NA NA
"651" 1 0.992535456581239 0.992535456581239
"652" 1 0.984835301429459 0.984835301429459
"653" 1 0.989803531459836 0.989803531459836
"654" NA NA NA
"655" NA NA NA
"656" 1 0.989309520814992 0.989309520814992
"657" 1 0.994257895393833 0.994257895393833
"658" 1 0.993236472945892 0.993236472945892
"659" 1 0.994146219952672 0.994146219952672
"660" 1 0.970375 0.970375
"661" 1 0.99477156728495 0.99477156728495
"662" 1 0.997369409996242 0.997369409996242
"663" 1 0.990059642147117 0.990059642147117
"664" NA NA NA
"665" 1 0.997764808146033 0.997764808146033
"666" 1 0.987966908999749 0.987966908999749
"667" 1 0.992996498249125 0.992996498249125
"668" 1 0.990931989924433 0.990931989924433
"669" 1 0.997398736529171 0.997398736529171
"670" 1 0.983880967141971 0.983880967141971
"671" 1 0.984027166394164 0.984027166394164
"672" NA NA NA
"673" 1 0.997357825868143 0.997357825868143
"674" 1 0.998880457768379 0.998880457768379
"675" 1 0.99975068561456 0.99975068561456
"676" 1 0.997503121098627 0.997503121098627
"677" 1 0.978041172800998 0.978041172800998
"678" 1 0.993517825978559 0.993517825978559
"679" 1 0.99736908043097 0.99736908043097
"680" NA NA NA
"681" 1 0.976848394324123 0.976848394324123
"682" 1 0.992026325781547 0.992026325781547
"683" NA NA NA
"684" 1 0.995235109717868 0.995235109717868
"685" NA NA NA
"686" 1 0.985667996011964 0.985667996011964
"687" 1 0.998496993987976 0.998496993987976
"688" NA NA NA
"689" NA NA NA
"690" 1 0.991310824230387 0.991310824230387
"691" 1 0.994421718110822 0.994421718110822
"692" 1 0.997236528074362 0.997236528074362
"693" 1 0.981992051664183 0.981992051664183
"694" 1 0.992257742257742 0.992257742257742
"695" 1 0.987559688363911 0.987559688363911
"696" 1 0.999122807017544 0.999122807017544
"697" 1 0.994748687171793 0.994748687171793
"698" 1 0.986890205470818 0.986890205470818
"699" 1 0.9765 0.9765
"700" 1 0.966258435391152 0.966258435391152
"701" NA NA NA
"702" 1 0.993257585216631 0.993257585216631
"703" 1 0.985270253401573 0.985270253401573
"704" 1 0.99287856071964 0.99287856071964
"705" 1 0.983888957739497 0.983888957739497
"706" 1 0.986915887850467 0.986915887850467
"707" 1 0.997238955823293 0.997238955823293
"708" 1 0.979528148795406 0.979528148795406
"709" 1 0.991694979237448 0.991694979237448
"710" 1 0.982726481918727 0.982726481918727
"711" 1 0.991967871485944 0.991967871485944
"712" 1 0.99036415967964 0.99036415967964
"713" 1 0.986066185618313 0.986066185618313
"714" 1 0.98875 0.98875
"715" NA NA NA
"716" 1 0.997502185587611 0.997502185587611
"717" NA NA NA
"718" 1 0.996752435673245 0.996752435673245
"719" 1 1 1
"720" 1 0.987669697347117 0.987669697347117
"721" 1 0.98998372355077 0.98998372355077
"722" 1 0.998633710098124 0.998633710098124
"723" 1 0.985379754677239 0.985379754677239
"724" 1 0.9937374749499 0.9937374749499
"725" 1 0.998872463041844 0.998872463041844
"726" 1 0.987509367974019 0.987509367974019
"727" NA NA NA
"728" 1 0.980180632212745 0.980180632212745
"729" NA NA NA
"730" 1 0.986156148665503 0.986156148665503
"731" 1 0.986542056074766 0.986542056074766
"732" 1 0.999875296171592 0.999875296171592
"733" 1 0.999625234228607 0.999625234228607
"734" 1 0.974903233861905 0.974903233861905
"735" 1 0.985694738151511 0.985694738151511
"736" 1 0.981442006269592 0.981442006269592
"737" 1 0.993855028843742 0.993855028843742
"738" 1 0.989507869098176 0.989507869098176
"739" 1 0.994983067854007 0.994983067854007
"740" 1 0.993558165971959 0.993558165971959
"741" 1 0.997999749968746 0.997999749968746
"742" 1 0.993305545029683 0.993305545029683
"743" NA NA NA
"744" 1 0.978419071518193 0.978419071518193
"745" 1 0.971611606582088 0.971611606582088
"746" 1 0.994729577111306 0.994729577111306
"747" 1 0.990919409761635 0.990919409761635
"748" 1 0.993436829483781 0.993436829483781
"749" 1 0.976280120481928 0.976280120481928
"750" 1 0.994102885821832 0.994102885821832
"751" 1 0.990551964196917 0.990551964196917
"752" 1 0.991768520828137 0.991768520828137
"753" 1 0.979328489100476 0.979328489100476
"754" 1 0.985125 0.985125
"755" 1 0.999748554186573 0.999748554186573
"756" NA NA NA
"757" 1 0.993047796399752 0.993047796399752
"758" 1 0.965813028344107 0.965813028344107
"759" NA NA NA
"760" 1 0.985977212971078 0.985977212971078
"761" 1 0.991783891447778 0.991783891447778
"762" 1 0.98747808665164 0.98747808665164
"763" 1 0.991947659788626 0.991947659788626
"764" 1 0.99511339431149 0.99511339431149
"765" 1 0.999129353233831 0.999129353233831
"766" 1 0.993407960199005 0.993407960199005
"767" 1 0.991014601272932 0.991014601272932
"768" 1 0.999372804816859 0.999372804816859
"769" 1 0.990634365634366 0.990634365634366
"770" 1 0.994337485843715 0.994337485843715
"771" 1 0.988504310883419 0.988504310883419
"772" 1 0.996526916397916 0.996526916397916
"773" 1 0.990958632648006 0.990958632648006
"774" 1 0.997371714643304 0.997371714643304
"775" 1 0.995488721804511 0.995488721804511
"776" 1 0.979372421552694 0.979372421552694
"777" 1 0.986554410655944 0.986554410655944
"778" 1 0.986562150055991 0.986562150055991
"779" 1 0.999003611906838 0.999003611906838
"780" NA NA NA
"781" 1 0.996273291925466 0.996273291925466
"782" 1 0.977079158316633 0.977079158316633
"783" 1 0.994342469197888 0.994342469197888
"784" NA NA NA
"785" 1 0.971642723297939 0.971642723297939
"786" NA NA NA
"787" 1 0.995274807261875 0.995274807261875
"788" 1 0.97458051590283 0.97458051590283
"789" NA NA NA
"790" 1 0.987908252306158 0.987908252306158
"791" 1 0.975725725725726 0.975725725725726
"792" 1 1 1
"793" 1 0.993981945837513 0.993981945837513
"794" 1 0.970235117558779 0.970235117558779
"795" 1 0.992454230578921 0.992454230578921
"796" 1 0.975888484239608 0.975888484239608
"797" NA NA NA
"798" 1 0.979442552654812 0.979442552654812
"799" 1 0.982734893031402 0.982734893031402
"800" 1 0.987698807157058 0.987698807157058
"801" 1 0.993287740628166 0.993287740628166
"802" 1 0.996365003760341 0.996365003760341
"803" 1 0.977329347284504 0.977329347284504
"804" NA NA NA
"805" 1 0.988576449912127 0.988576449912127
"806" NA NA NA
"807" 1 0.991301106002237 0.991301106002237
"808" 1 0.986658354114713 0.986658354114713
"809" NA NA NA
"810" 1 0.992399700971841 0.992399700971841
"811" NA NA NA
"812" 1 0.992274143302181 0.992274143302181
"813" 1 0.991221469776774 0.991221469776774
"814" 1 0.994498624656164 0.994498624656164
"815" 1 0.974993748437109 0.974993748437109
"816" 1 0.976880049720323 0.976880049720323
"817" 1 0.999368686868687 0.999368686868687
"818" 1 0.984918359715817 0.984918359715817
"819" 1 0.998370110330993 0.998370110330993
"820" NA NA NA
"821" 1 0.977780567411499 0.977780567411499
"822" 1 0.990284005979073 0.990284005979073
"823" 1 0.994863442746179 0.994863442746179
"824" 1 0.987176263515212 0.987176263515212
"825" NA NA NA
"826" 1 0.994457740269555 0.994457740269555
"827" 1 0.997376967274544 0.997376967274544
"828" 1 0.998384892533234 0.998384892533234
"829" 1 0.998627230750031 0.998627230750031
"830" 1 0.987133041848844 0.987133041848844
"831" 1 0.992807570977918 0.992807570977918
"832" 1 0.989368355222014 0.989368355222014
"833" NA NA NA
"834" NA NA NA
"835" 1 0.995373843460865 0.995373843460865
"836" 1 0.977919161676647 0.977919161676647
"837" 1 0.994022415940224 0.994022415940224
"838" 1 0.985376827896513 0.985376827896513
"839" 1 0.977838645418327 0.977838645418327
"840" 1 0.993142999625982 0.993142999625982
"841" 1 0.986756621689155 0.986756621689155
"842" 1 0.998628941792347 0.998628941792347
"843" 1 0.999876068905688 0.999876068905688
"844" 1 0.984835081511437 0.984835081511437
"845" 1 0.985744654245342 0.985744654245342
"846" 1 0.994541620146384 0.994541620146384
"847" 1 0.998765279664156 0.998765279664156
"848" 1 0.972714870395634 0.972714870395634
"849" 1 0.999123466065615 0.999123466065615
"850" 1 0.995620072581654 0.995620072581654
"851" 1 0.996874218554639 0.996874218554639
"852" 1 0.979502012072435 0.979502012072435
"853" 1 0.999747410962364 0.999747410962364
"854" 1 0.97183800623053 0.97183800623053
"855" 1 0.994781312127237 0.994781312127237
"856" 1 0.99525059367579 0.99525059367579
"857" 1 0.990644879630785 0.990644879630785
"858" 1 0.998380465927495 0.998380465927495
"859" 1 0.999376636329635 0.999376636329635
"860" NA NA NA
"861" 1 0.974327018943171 0.974327018943171
"862" 1 0.99572864321608 0.99572864321608
"863" 1 0.987663551401869 0.987663551401869
"864" 1 0.980377358490566 0.980377358490566
"865" NA NA NA
"866" 1 0.983268335639703 0.983268335639703
"867" 1 0.981659388646288 0.981659388646288
"868" 1 0.996871871871872 0.996871871871872
"869" 1 0.987363943450519 0.987363943450519
"870" 1 0.985810211579881 0.985810211579881
"871" NA NA NA
"872" 1 0.990286425902864 0.990286425902864
"873" 1 0.989123640455057 0.989123640455057
"874" NA NA NA
"875" NA NA NA
"876" 1 0.990270674816016 0.990270674816016
"877" 1 0.99636181156693 0.99636181156693
"878" NA NA NA
"879" 1 0.986144350673888 0.986144350673888
"880" 1 0.997391304347826 0.997391304347826
"881" 1 0.992367367367367 0.992367367367367
"882" 1 0.987257963772642 0.987257963772642
"883" NA NA NA
"884" 1 0.995334174022699 0.995334174022699
"885" 1 0.991275084133117 0.991275084133117
"886" 1 0.995151063036181 0.995151063036181
"887" 1 0.992147575719806 0.992147575719806
"888" 1 0.996897493174485 0.996897493174485
"889" 1 0.995217117684078 0.995217117684078
"890" 1 0.985617808904452 0.985617808904452
"891" 1 0.987628355808487 0.987628355808487
"892" 1 0.994326777609682 0.994326777609682
"893" 1 0.966966966966967 0.966966966966967
"894" 1 0.98678963110668 0.98678963110668
"895" 1 0.996013951170902 0.996013951170902
"896" 1 0.981559930226763 0.981559930226763
"897" 1 0.99911838790932 0.99911838790932
"898" 1 0.99323393058514 0.99323393058514
"899" NA NA NA
"900" 1 0.994621638524078 0.994621638524078
"901" 1 0.997882938978829 0.997882938978829
"902" 1 0.99167701863354 0.99167701863354
"903" 1 0.989858520095155 0.989858520095155
"904" 1 0.986518835832178 0.986518835832178
"905" 1 0.968839944938055 0.968839944938055
"906" 1 0.99500748876685 0.99500748876685
"907" 1 0.986275733000624 0.986275733000624
"908" 1 0.999625935162095 0.999625935162095
"909" 1 0.98859126984127 0.98859126984127
"910" 1 0.999750156152405 0.999750156152405
"911" 1 0.986584754262788 0.986584754262788
"912" 1 0.989237892629208 0.989237892629208
"913" 1 0.980873285516547 0.980873285516547
"914" 1 0.989256714553404 0.989256714553404
"915" 1 0.996726677577741 0.996726677577741
"916" 1 0.984152531880649 0.984152531880649
"917" 1 0.976425096669577 0.976425096669577
"918" 1 0.993391521197007 0.993391521197007
"919" 1 0.992081447963801 0.992081447963801
"920" 1 0.986287583343817 0.986287583343817
"921" 1 0.987066800602712 0.987066800602712
"922" 1 0.997760358342665 0.997760358342665
"923" 1 0.998375203099613 0.998375203099613
"924" 1 0.982436331702421 0.982436331702421
"925" 1 0.981961668545659 0.981961668545659
"926" 1 0.988643454386622 0.988643454386622
"927" 1 0.980976220275344 0.980976220275344
"928" 1 0.993529118964659 0.993529118964659
"929" NA NA NA
"930" 1 0.976947040498442 0.976947040498442
"931" 1 0.980419403739262 0.980419403739262
"932" 1 0.989646464646465 0.989646464646465
"933" 1 0.990918138840508 0.990918138840508
"934" 1 0.9906600249066 0.9906600249066
"935" 1 0.989926626041537 0.989926626041537
"936" 1 0.999494374920996 0.999494374920996
"937" 1 0.997644725424569 0.997644725424569
"938" 1 1 1
"939" 1 0.975336046368233 0.975336046368233
"940" 1 0.985376827896513 0.985376827896513
"941" 1 0.994245684263197 0.994245684263197
"942" 1 0.989418648076684 0.989418648076684
"943" 1 0.984246061515379 0.984246061515379
"944" 1 0.98869914615771 0.98869914615771
"945" 1 0.990228013029316 0.990228013029316
"946" 1 0.994988096729733 0.994988096729733
"947" 1 0.990042320139408 0.990042320139408
"948" NA NA NA
"949" 1 0.998750468574285 0.998750468574285
"950" 1 0.998119122257053 0.998119122257053
"951" 1 0.979560938682816 0.979560938682816
"952" 1 0.993772574417736 0.993772574417736
"953" 1 0.994015708764493 0.994015708764493
"954" 1 0.973084112149533 0.973084112149533
"955" 1 0.989524878413767 0.989524878413767
"956" 1 0.968459411912541 0.968459411912541
"957" 1 0.982122765345668 0.982122765345668
"958" 1 0.981357853633959 0.981357853633959
"959" 1 0.997877917862938 0.997877917862938
"960" 1 0.995505056811087 0.995505056811087
"961" 1 0.982348522784176 0.982348522784176
"962" 1 0.981310740094692 0.981310740094692
"963" 1 0.986954901229966 0.986954901229966
"964" 1 0.988766849725412 0.988766849725412
"965" 1 0.971952131637996 0.971952131637996
"966" 1 0.9902556314857 0.9902556314857
"967" NA NA NA
"968" 1 0.993484525748653 0.993484525748653
"969" 1 0.990495247623812 0.990495247623812
"970" 1 0.995270102066219 0.995270102066219
"971" 1 0.997006361481851 0.997006361481851
"972" 1 0.999248967330079 0.999248967330079
"973" 1 0.991255465334166 0.991255465334166
"974" 1 0.997740680306263 0.997740680306263
"975" 1 0.999748490945674 0.999748490945674
"976" 1 0.982035928143713 0.982035928143713
"977" 1 0.992035838725734 0.992035838725734
"978" 1 0.976154618473896 0.976154618473896
"979" 1 0.974339622641509 0.974339622641509
"980" 1 0.982258870564718 0.982258870564718
"981" 1 0.980580107058384 0.980580107058384
"982" 1 0.963335819040517 0.963335819040517
"983" 1 0.985603405107662 0.985603405107662
"984" 1 0.998623795821344 0.998623795821344
"985" 1 0.98608673853096 0.98608673853096
"986" NA NA NA
"987" 1 0.99685098878952 0.99685098878952
"988" 1 0.989118198874296 0.989118198874296
"989" 1 0.995747342088806 0.995747342088806
"990" 1 0.986320281124498 0.986320281124498
"991" NA NA NA
"992" 1 0.998377028714107 0.998377028714107
"993" 1 0.999626587005228 0.999626587005228
"994" 1 0.985776668746101 0.985776668746101
"995" 1 0.987123390423803 0.987123390423803
"996" 1 0.999252243270189 0.999252243270189
"997" NA NA NA
"998" 1 0.99253824151225 0.99253824151225
"999" 1 0.999749781058426 0.999749781058426
"1000" 1 0.995124390548819 0.995124390548819
