"V1" "V2" "V3"
"1" 1 0.990723055934516 0.990723055934516
"2" 1 1 1
"3" 1 0.990689013035382 0.990689013035382
"4" 1 0.979680303440802 0.979680303440802
"5" 1 0.995873452544704 0.995873452544704
"6" 1 0.987334950148208 0.987334950148208
"7" 1 0.998935604044705 0.998935604044705
"8" 1 0.986297760210804 0.986297760210804
"9" 1 0.999727297518407 0.999727297518407
"10" 1 0.977980665950591 0.977980665950591
"11" 1 0.952523874488404 0.952523874488404
"12" 1 0.986692015209126 0.986692015209126
"13" 1 0.984277582000542 0.984277582000542
"14" 1 0.977084998667732 0.977084998667732
"15" 1 0.982585034013605 0.982585034013605
"16" 1 0.993567408201555 0.993567408201555
"17" 1 0.979487179487179 0.979487179487179
"18" 1 0.997289972899729 0.997289972899729
"19" NA NA NA
"20" 1 0.987202925045704 0.987202925045704
"21" 1 0.953771289537713 0.953771289537713
"22" 1 0.999461206896552 0.999461206896552
"23" 1 0.971383147853736 0.971383147853736
"24" 1 0.998141757366605 0.998141757366605
"25" 1 0.990889011595803 0.990889011595803
"26" 1 0.992025518341308 0.992025518341308
"27" 1 0.96533474464144 0.96533474464144
"28" NA NA NA
"29" 1 0.989543203082003 0.989543203082003
"30" 1 0.997830214266341 0.997830214266341
"31" 1 0.996640537513998 0.996640537513998
"32" 1 0.993145050726625 0.993145050726625
"33" 1 0.974393898120403 0.974393898120403
"34" 1 0.990476190476191 0.990476190476191
"35" NA NA NA
"36" 1 0.998657718120805 0.998657718120805
"37" 1 0.984989082969432 0.984989082969432
"38" 1 0.991330262801409 0.991330262801409
"39" 1 0.958695652173913 0.958695652173913
"40" 1 0.999457259158752 0.999457259158752
"41" 1 0.992164279924345 0.992164279924345
"42" 1 0.984691088026244 0.984691088026244
"43" 1 0.968145929757691 0.968145929757691
"44" 1 0.967976318622174 0.967976318622174
"45" 1 0.982061579651941 0.982061579651941
"46" 1 0.984283431006926 0.984283431006926
"47" 1 0.968977609927165 0.968977609927165
"48" 1 0.987540628385699 0.987540628385699
"49" 1 0.996216216216216 0.996216216216216
"50" 1 0.9828418230563 0.9828418230563
"51" 1 0.984779706275033 0.984779706275033
"52" 1 0.989301952393688 0.989301952393688
"53" 1 0.988913525498891 0.988913525498891
"54" 1 0.980607966457023 0.980607966457023
"55" 1 0.973789783364536 0.973789783364536
"56" 1 0.98139782088759 0.98139782088759
"57" 1 0.993333333333333 0.993333333333333
"58" 1 0.974461292897047 0.974461292897047
"59" 1 0.993741496598639 0.993741496598639
"60" 1 0.995975315266971 0.995975315266971
"61" 1 0.986359989301952 0.986359989301952
"62" 1 0.978837471783296 0.978837471783296
"63" 1 0.989192110240476 0.989192110240476
"64" 1 0.979487179487179 0.979487179487179
"65" 1 0.993189866521384 0.993189866521384
"66" 1 0.98401704848162 0.98401704848162
"67" 1 0.997298757428417 0.997298757428417
"68" 1 0.97403299972951 0.97403299972951
"69" 1 0.986579019446727 0.986579019446727
"70" 1 0.998914518317503 0.998914518317503
"71" 1 0.986569970453935 0.986569970453935
"72" 1 0.9908773812718 0.9908773812718
"73" 1 0.997841920690585 0.997841920690585
"74" 1 0.987938596491228 0.987938596491228
"75" 1 0.992125984251969 0.992125984251969
"76" 1 0.996543472480723 0.996543472480723
"77" 1 0.991316146540027 0.991316146540027
"78" 1 0.998133830978406 0.998133830978406
"79" 1 0.977254264825345 0.977254264825345
"80" 1 0.976744186046512 0.976744186046512
"81" 1 0.967984934086629 0.967984934086629
"82" 1 0.983292912961466 0.983292912961466
"83" 1 0.967873672747073 0.967873672747073
"84" 1 0.990598979317755 0.990598979317755
"85" 1 0.990636188377857 0.990636188377857
"86" 1 0.994010345766403 0.994010345766403
"87" 1 0.98824815523367 0.98824815523367
"88" 1 1 1
"89" 1 0.993072208899547 0.993072208899547
"90" 1 0.98601214040644 0.98601214040644
"91" 1 0.999181669394435 0.999181669394435
"92" 1 0.965405405405405 0.965405405405405
"93" 1 0.986197564276049 0.986197564276049
"94" 1 0.999169435215947 0.999169435215947
"95" 1 0.954811715481171 0.954811715481171
"96" 1 0.988468758380263 0.988468758380263
"97" 1 0.990201415351116 0.990201415351116
"98" 1 0.995772787318362 0.995772787318362
"99" 1 0.986464968152866 0.986464968152866
"100" NA NA NA
"101" 1 0.993455140441778 0.993455140441778
"102" 1 0.990921228304406 0.990921228304406
"103" 1 0.995433789954338 0.995433789954338
"104" 1 0.994741212288957 0.994741212288957
"105" 1 0.992749731471536 0.992749731471536
"106" 1 0.975576662143826 0.975576662143826
"107" 1 0.983124659771366 0.983124659771366
"108" 1 0.989747852590745 0.989747852590745
"109" 1 0.96601025087672 0.96601025087672
"110" 1 0.963566105437483 0.963566105437483
"111" 1 0.991664425920947 0.991664425920947
"112" 1 0.998387096774194 0.998387096774194
"113" 1 0.992193808882907 0.992193808882907
"114" 1 0.990573660113116 0.990573660113116
"115" 1 0.994438559322034 0.994438559322034
"116" 1 0.973783783783784 0.973783783783784
"117" 1 0.988663967611336 0.988663967611336
"118" 1 0.995015231237884 0.995015231237884
"119" 1 0.978243352135375 0.978243352135375
"120" 1 0.969086021505376 0.969086021505376
"121" 1 0.991088306778288 0.991088306778288
"122" 1 0.989776701641108 0.989776701641108
"123" 1 0.985695006747638 0.985695006747638
"124" 1 0.991659940812483 0.991659940812483
"125" 1 0.980345285524568 0.980345285524568
"126" 1 0.991112308106652 0.991112308106652
"127" 1 0.990820734341253 0.990820734341253
"128" 1 0.993351800554017 0.993351800554017
"129" 1 0.976510952757984 0.976510952757984
"130" 1 0.990473598258029 0.990473598258029
"131" 1 0.985249931712647 0.985249931712647
"132" 1 0.977588046958378 0.977588046958378
"133" 1 0.989724175229854 0.989724175229854
"134" 1 0.965151102640893 0.965151102640893
"135" 1 0.996289424860853 0.996289424860853
"136" 1 0.982949932341001 0.982949932341001
"137" 1 0.997036637931034 0.997036637931034
"138" NA NA NA
"139" 1 0.98688166165619 0.98688166165619
"140" 1 0.989341350095655 0.989341350095655
"141" NA NA NA
"142" 1 0.990918803418803 0.990918803418803
"143" 1 0.993368700265252 0.993368700265252
"144" 1 0.991182143841279 0.991182143841279
"145" 1 0.960450425707223 0.960450425707223
"146" 1 0.998082191780822 0.998082191780822
"147" 1 0.991145693587336 0.991145693587336
"148" 1 0.993167532112599 0.993167532112599
"149" NA NA NA
"150" 1 0.983918520503886 0.983918520503886
"151" 1 0.95449591280654 0.95449591280654
"152" 1 0.992499330297348 0.992499330297348
"153" 1 0.991337303735788 0.991337303735788
"154" 1 0.976131687242798 0.976131687242798
"155" 1 0.994310484963425 0.994310484963425
"156" 1 0.987066593285636 0.987066593285636
"157" 1 0.97582835415535 0.97582835415535
"158" 1 0.983404710920771 0.983404710920771
"159" 1 0.989264626945786 0.989264626945786
"160" 1 0.990840517241379 0.990840517241379
"161" 1 0.983247770872737 0.983247770872737
"162" 1 0.978451715881884 0.978451715881884
"163" 1 0.996518478843064 0.996518478843064
"164" 1 0.990765888104291 0.990765888104291
"165" 1 0.98975188781014 0.98975188781014
"166" 1 0.993572576325656 0.993572576325656
"167" 1 0.979356568364611 0.979356568364611
"168" 1 0.973905952704539 0.973905952704539
"169" 1 0.981798424341212 0.981798424341212
"170" 1 0.996463547334059 0.996463547334059
"171" 1 0.979005524861878 0.979005524861878
"172" 1 0.986282947821409 0.986282947821409
"173" 1 0.991061755146262 0.991061755146262
"174" 1 0.988612288135593 0.988612288135593
"175" 1 0.990117521367521 0.990117521367521
"176" NA NA NA
"177" 1 0.974338195569962 0.974338195569962
"178" 1 0.986967146348086 0.986967146348086
"179" 1 0.990134283365306 0.990134283365306
"180" 1 0.989253237806558 0.989253237806558
"181" 1 0.974683544303797 0.974683544303797
"182" 1 0.980334051724138 0.980334051724138
"183" 1 0.980397495235502 0.980397495235502
"184" 1 0.991105121293801 0.991105121293801
"185" 1 0.987922042272852 0.987922042272852
"186" 1 0.992241840556447 0.992241840556447
"187" 1 0.958322056833559 0.958322056833559
"188" 1 0.979724249797242 0.979724249797242
"189" 1 0.989493534482759 0.989493534482759
"190" 1 0.987597735238609 0.987597735238609
"191" 1 0.983211481180612 0.983211481180612
"192" 1 0.987827968623208 0.987827968623208
"193" 1 0.991838955386289 0.991838955386289
"194" 1 0.992732166890983 0.992732166890983
"195" 1 0.972972972972973 0.972972972972973
"196" 1 0.996151731720726 0.996151731720726
"197" NA NA NA
"198" NA NA NA
"199" 1 0.986713665943601 0.986713665943601
"200" 1 0.999732405673 0.999732405673
"201" 1 0.995141700404858 0.995141700404858
"202" 1 0.969152360515021 0.969152360515021
"203" 1 0.985171205176598 0.985171205176598
"204" 1 0.999182783982566 0.999182783982566
"205" 1 0.985926928281461 0.985926928281461
"206" NA NA NA
"207" 1 0.984950282182209 0.984950282182209
"208" 1 0.990803354070868 0.990803354070868
"209" 1 0.978831725616292 0.978831725616292
"210" 1 0.998950131233596 0.998950131233596
"211" 1 0.996285486866543 0.996285486866543
"212" 1 0.996977191536136 0.996977191536136
"213" 1 0.980503655564582 0.980503655564582
"214" 1 0.993003229278794 0.993003229278794
"215" 1 0.995456974879743 0.995456974879743
"216" 1 0.978337395071757 0.978337395071757
"217" 1 0.973032471106219 0.973032471106219
"218" 1 0.979874898014686 0.979874898014686
"219" 1 0.992214765100671 0.992214765100671
"220" 1 0.966334500403986 0.966334500403986
"221" 1 0.991273520589037 0.991273520589037
"222" 1 0.979811574697174 0.979811574697174
"223" 1 0.987141709081168 0.987141709081168
"224" 1 0.989510489510489 0.989510489510489
"225" 1 0.968973091707853 0.968973091707853
"226" 1 0.962833288446001 0.962833288446001
"227" 1 0.997834912043302 0.997834912043302
"228" 1 0.997619047619048 0.997619047619048
"229" 1 0.98813056379822 0.98813056379822
"230" 1 0.979297194225007 0.979297194225007
"231" 1 0.986860114973994 0.986860114973994
"232" 1 0.974212812160695 0.974212812160695
"233" 1 0.983536909187467 0.983536909187467
"234" 1 1 1
"235" 1 0.994869025114772 0.994869025114772
"236" 1 0.986781764229835 0.986781764229835
"237" 1 0.989749123280281 0.989749123280281
"238" 1 0.992997576084029 0.992997576084029
"239" 1 0.933655654042439 0.933655654042439
"240" 1 0.99891156462585 0.99891156462585
"241" 1 0.982974195264698 0.982974195264698
"242" 1 0.989306279133534 0.989306279133534
"243" 1 0.98124832574337 0.98124832574337
"244" 1 0.982095136290754 0.982095136290754
"245" NA NA NA
"246" 1 0.978407557354926 0.978407557354926
"247" 1 0.993277762839473 0.993277762839473
"248" 1 0.985904039034969 0.985904039034969
"249" 1 0.990283176013326 0.990283176013326
"250" 1 0.975702975702976 0.975702975702976
"251" 1 0.990360782153677 0.990360782153677
"252" 1 0.99599358974359 0.99599358974359
"253" 1 0.996710526315789 0.996710526315789
"254" 1 0.998087954110899 0.998087954110899
"255" 1 0.993458708094849 0.993458708094849
"256" 1 1 1
"257" 1 0.970907167416028 0.970907167416028
"258" 1 0.981515711645102 0.981515711645102
"259" 1 1 1
"260" 1 0.966457594764112 0.966457594764112
"261" NA NA NA
"262" 1 0.999190064794816 0.999190064794816
"263" 1 0.98757120662869 0.98757120662869
"264" 1 0.99137698733495 0.99137698733495
"265" 1 0.976775587361599 0.976775587361599
"266" 1 0.984734868773433 0.984734868773433
"267" 1 0.980944712828771 0.980944712828771
"268" 1 0.991129032258064 0.991129032258064
"269" 1 0.987550744248985 0.987550744248985
"270" 1 0.994139584443261 0.994139584443261
"271" 1 0.966942148760331 0.966942148760331
"272" 1 0.979889807162534 0.979889807162534
"273" NA NA NA
"274" 1 0.990147783251232 0.990147783251232
"275" 1 0.972326706072004 0.972326706072004
"276" 1 0.980402684563758 0.980402684563758
"277" 1 0.994857916102842 0.994857916102842
"278" NA NA NA
"279" 1 0.981648936170213 0.981648936170213
"280" 1 0.999730312837109 0.999730312837109
"281" 1 0.986933555740895 0.986933555740895
"282" 1 0.993135639758374 0.993135639758374
"283" 1 0.993855196366551 0.993855196366551
"284" 1 0.978471474703983 0.978471474703983
"285" 1 0.969934640522876 0.969934640522876
"286" 1 0.9809906291834 0.9809906291834
"287" 1 0.995133819951338 0.995133819951338
"288" 1 0.994169905607996 0.994169905607996
"289" 1 0.960841768779968 0.960841768779968
"290" 1 0.999452804377565 0.999452804377565
"291" 1 0.968724279835391 0.968724279835391
"292" 1 0.988288528080916 0.988288528080916
"293" 1 0.994648113459995 0.994648113459995
"294" 1 0.992070002734482 0.992070002734482
"295" NA NA NA
"296" 1 0.978901812280227 0.978901812280227
"297" 1 0.990998363338789 0.990998363338789
"298" NA NA NA
"299" 1 0.983283904017255 0.983283904017255
"300" 1 0.977197802197802 0.977197802197802
"301" 1 0.985491376950452 0.985491376950452
"302" 1 0.992189604093725 0.992189604093725
"303" 1 1 1
"304" 1 0.980753809141941 0.980753809141941
"305" 1 0.983404710920771 0.983404710920771
"306" 1 0.990558403021311 0.990558403021311
"307" 1 0.999451453647833 0.999451453647833
"308" 1 0.993259638716635 0.993259638716635
"309" 1 0.975721607769086 0.975721607769086
"310" 1 0.986763911399244 0.986763911399244
"311" 1 0.981231826592651 0.981231826592651
"312" 1 1 1
"313" 1 0.980960042906946 0.980960042906946
"314" 1 0.963822894168467 0.963822894168467
"315" 1 0.951043115438108 0.951043115438108
"316" 1 0.995715050883771 0.995715050883771
"317" 1 0.998660594695955 0.998660594695955
"318" 1 0.99891392886234 0.99891392886234
"319" 1 0.949152542372881 0.949152542372881
"320" NA NA NA
"321" 1 0.995400432900433 0.995400432900433
"322" 1 0.982632293080054 0.982632293080054
"323" 1 0.992389236205491 0.992389236205491
"324" 1 0.987510181916916 0.987510181916916
"325" 1 0.981979558902636 0.981979558902636
"326" 1 0.984269053430974 0.984269053430974
"327" 1 0.993451568894952 0.993451568894952
"328" 1 0.990961380443714 0.990961380443714
"329" 1 0.977340167251146 0.977340167251146
"330" 1 0.989909718534254 0.989909718534254
"331" 1 0.995092693565976 0.995092693565976
"332" 1 0.999186109603907 0.999186109603907
"333" 1 0.988715744223536 0.988715744223536
"334" 1 0.987993596584845 0.987993596584845
"335" 1 0.977700161203654 0.977700161203654
"336" 1 0.984566258648217 0.984566258648217
"337" 1 0.986401958118031 0.986401958118031
"338" 1 0.990763379516436 0.990763379516436
"339" 1 0.98778169970133 0.98778169970133
"340" 1 0.99489932885906 0.99489932885906
"341" 1 0.984139571768438 0.984139571768438
"342" 1 0.987585842577919 0.987585842577919
"343" 1 0.990560949298813 0.990560949298813
"344" 1 0.994707520891365 0.994707520891365
"345" 1 0.982867685819715 0.982867685819715
"346" 1 0.975862068965517 0.975862068965517
"347" 1 0.997086092715232 0.997086092715232
"348" NA NA NA
"349" 1 0.991372337557293 0.991372337557293
"350" NA NA NA
"351" 1 0.990838049043385 0.990838049043385
"352" 1 0.9816 0.9816
"353" 1 0.981091301998919 0.981091301998919
"354" 1 0.987557479037057 0.987557479037057
"355" 1 0.966781823013553 0.966781823013553
"356" 1 0.99328678839957 0.99328678839957
"357" NA NA NA
"358" 1 0.972972972972973 0.972972972972973
"359" 1 0.990133333333333 0.990133333333333
"360" NA NA NA
"361" 1 0.999729948690251 0.999729948690251
"362" 1 0.980519480519481 0.980519480519481
"363" 1 0.986610878661088 0.986610878661088
"364" 1 0.971366828741221 0.971366828741221
"365" 1 0.959568733153639 0.959568733153639
"366" 1 0.976927252985885 0.976927252985885
"367" 1 0.976295479603087 0.976295479603087
"368" 1 0.986010223298359 0.986010223298359
"369" 1 0.95972602739726 0.95972602739726
"370" 1 0.971404775124931 0.971404775124931
"371" 1 0.990818255468539 0.990818255468539
"372" 1 0.974447697631089 0.974447697631089
"373" 1 0.998133333333333 0.998133333333333
"374" 1 0.990135963743002 0.990135963743002
"375" NA NA NA
"376" 1 0.994054054054054 0.994054054054054
"377" NA NA NA
"378" 1 0.983175033921303 0.983175033921303
"379" 1 0.993319080705505 0.993319080705505
"380" 1 0.988945807495282 0.988945807495282
"381" 1 0.97277628032345 0.97277628032345
"382" 1 0.997324056729997 0.997324056729997
"383" 1 0.978388473852721 0.978388473852721
"384" 1 0.983210912906611 0.983210912906611
"385" 1 0.992739983866631 0.992739983866631
"386" 1 0.973773045962088 0.973773045962088
"387" 1 0.978711790393013 0.978711790393013
"388" 1 0.978100191623323 0.978100191623323
"389" 1 0.9981368112856 0.9981368112856
"390" 1 0.974566797093348 0.974566797093348
"391" 1 0.984337669232811 0.984337669232811
"392" 1 0.988108108108108 0.988108108108108
"393" 1 0.987821380243572 0.987821380243572
"394" 1 0.995550902904999 0.995550902904999
"395" 1 0.998366902558519 0.998366902558519
"396" 1 0.960074527548576 0.960074527548576
"397" NA NA NA
"398" 1 0.990644212777332 0.990644212777332
"399" 1 0.997359387377872 0.997359387377872
"400" 1 0.996601307189542 0.996601307189542
"401" 1 0.995456974879743 0.995456974879743
"402" 1 0.992984349703184 0.992984349703184
"403" 1 0.995414081467494 0.995414081467494
"404" 1 0.999205298013245 0.999205298013245
"405" 1 0.987423066630987 0.987423066630987
"406" 1 0.98616285258116 0.98616285258116
"407" 1 0.992847317744154 0.992847317744154
"408" NA NA NA
"409" 1 1 1
"410" 1 0.976608187134503 0.976608187134503
"411" 1 0.978302142663412 0.978302142663412
"412" 1 0.993250539956803 0.993250539956803
"413" 1 0.98391494002181 0.98391494002181
"414" 1 0.969900564364418 0.969900564364418
"415" 1 0.995433789954338 0.995433789954338
"416" 1 0.982796892341842 0.982796892341842
"417" 1 0.995459401709402 0.995459401709402
"418" 1 0.97762982689747 0.97762982689747
"419" 1 0.994821477241755 0.994821477241755
"420" 1 0.98045946659625 0.98045946659625
"421" 1 0.995669824086604 0.995669824086604
"422" 1 0.968716289104639 0.968716289104639
"423" 1 0.987691466083151 0.987691466083151
"424" 1 0.992822966507177 0.992822966507177
"425" 1 1 1
"426" 1 0.983241758241758 0.983241758241758
"427" 1 0.993828816742689 0.993828816742689
"428" 1 0.960021905805038 0.960021905805038
"429" 1 0.992341356673961 0.992341356673961
"430" NA NA NA
"431" NA NA NA
"432" 1 0.985397653194263 0.985397653194263
"433" 1 0.996242619431025 0.996242619431025
"434" 1 0.968834688346883 0.968834688346883
"435" 1 0.988450174590384 0.988450174590384
"436" 1 0.988555858310627 0.988555858310627
"437" 1 0.96751677852349 0.96751677852349
"438" 1 0.985623003194888 0.985623003194888
"439" NA NA NA
"440" 1 0.984182305630027 0.984182305630027
"441" 1 0.97597192224622 0.97597192224622
"442" 1 0.982142857142857 0.982142857142857
"443" 1 0.996707818930041 0.996707818930041
"444" 1 0.995225464190981 0.995225464190981
"445" 1 0.994125500667557 0.994125500667557
"446" 1 0.987579281183932 0.987579281183932
"447" 1 0.991666666666667 0.991666666666667
"448" 1 0.966015520470966 0.966015520470966
"449" NA NA NA
"450" 1 0.996122957629466 0.996122957629466
"451" NA NA NA
"452" 1 0.992796157950907 0.992796157950907
"453" 1 0.974071103982892 0.974071103982892
"454" 1 0.959484840354172 0.959484840354172
"455" 1 0.970108695652174 0.970108695652174
"456" 1 0.99623352165725 0.99623352165725
"457" 1 0.982238966630786 0.982238966630786
"458" 1 0.978734715576821 0.978734715576821
"459" 1 0.980636237897649 0.980636237897649
"460" 1 0.963973799126638 0.963973799126638
"461" NA NA NA
"462" 1 0.997613365155131 0.997613365155131
"463" 1 0.985549906341986 0.985549906341986
"464" NA NA NA
"465" 1 0.988689655172414 0.988689655172414
"466" 1 0.995511921458626 0.995511921458626
"467" 1 0.987718340611354 0.987718340611354
"468" 1 0.980392156862745 0.980392156862745
"469" 1 0.987555309734513 0.987555309734513
"470" 1 0.99562960939634 0.99562960939634
"471" 1 0.977819853935623 0.977819853935623
"472" 1 0.989535819694124 0.989535819694124
"473" 1 0.994388027792624 0.994388027792624
"474" 1 0.96808222883419 0.96808222883419
"475" 1 0.996560846560847 0.996560846560847
"476" 1 0.98721436343852 0.98721436343852
"477" 1 0.996735582154516 0.996735582154516
"478" 1 0.982777777777778 0.982777777777778
"479" 1 0.999458434876794 0.999458434876794
"480" 1 0.987112695366054 0.987112695366054
"481" 1 0.989347172903578 0.989347172903578
"482" 1 0.992647058823529 0.992647058823529
"483" 1 0.986178861788618 0.986178861788618
"484" 1 0.988846572361262 0.988846572361262
"485" 1 0.979824794265994 0.979824794265994
"486" 1 0.970604246053348 0.970604246053348
"487" 1 0.995415318230852 0.995415318230852
"488" 1 0.978700458344567 0.978700458344567
"489" NA NA NA
"490" 1 0.98937908496732 0.98937908496732
"491" 1 0.984152565135643 0.984152565135643
"492" 1 0.997105263157895 0.997105263157895
"493" 1 0.994470555709151 0.994470555709151
"494" 1 0.985865724381625 0.985865724381625
"495" 1 0.999163646501255 0.999163646501255
"496" 1 0.989488243430152 0.989488243430152
"497" 1 0.996570825639673 0.996570825639673
"498" 1 0.990435706695005 0.990435706695005
"499" 1 0.976893095768374 0.976893095768374
"500" 1 0.999201065246338 0.999201065246338
"501" 1 0.96523628462792 0.96523628462792
"502" 1 0.987072448155131 0.987072448155131
"503" 1 0.990743261638987 0.990743261638987
"504" 1 0.99597423510467 0.99597423510467
"505" 1 0.995143011332974 0.995143011332974
"506" 1 0.970787124695699 0.970787124695699
"507" 1 0.997059609730019 0.997059609730019
"508" 1 0.983775013520822 0.983775013520822
"509" 1 0.973511742217368 0.973511742217368
"510" 1 0.999463231347289 0.999463231347289
"511" 1 0.993606819392648 0.993606819392648
"512" NA NA NA
"513" 1 0.988151658767773 0.988151658767773
"514" 1 0.973955507325014 0.973955507325014
"515" 1 0.995906113537118 0.995906113537118
"516" 1 0.995994659546061 0.995994659546061
"517" NA NA NA
"518" 1 0.994871794871795 0.994871794871795
"519" NA NA NA
"520" 1 0.988203753351206 0.988203753351206
"521" 1 0.992710583153348 0.992710583153348
"522" 1 0.985888738127544 0.985888738127544
"523" 1 0.98853711790393 0.98853711790393
"524" 1 0.993347525279404 0.993347525279404
"525" 1 0.996935079409306 0.996935079409306
"526" 1 0.975345434841506 0.975345434841506
"527" 1 0.984970477724101 0.984970477724101
"528" 1 0.991818421747163 0.991818421747163
"529" 1 0.988825292995367 0.988825292995367
"530" NA NA NA
"531" NA NA NA
"532" 1 0.994581414250881 0.994581414250881
"533" 1 0.988900920411478 0.988900920411478
"534" 1 0.997278170930866 0.997278170930866
"535" 1 0.989118607181719 0.989118607181719
"536" 1 0.99080832657475 0.99080832657475
"537" 1 0.970580296896086 0.970580296896086
"538" 1 0.96551724137931 0.96551724137931
"539" 1 0.990537983238713 0.990537983238713
"540" 1 0.986539984164687 0.986539984164687
"541" 1 0.990483958673192 0.990483958673192
"542" 1 0.982680522248868 0.982680522248868
"543" 1 0.996144312861471 0.996144312861471
"544" 1 0.979117723831898 0.979117723831898
"545" 1 0.994431185361973 0.994431185361973
"546" 1 0.984221980413493 0.984221980413493
"547" 1 0.997308934337998 0.997308934337998
"548" 1 0.997856951513528 0.997856951513528
"549" 1 0.963186813186813 0.963186813186813
"550" NA NA NA
"551" 1 0.982972972972973 0.982972972972973
"552" 1 0.999459459459459 0.999459459459459
"553" 1 0.989825970548862 0.989825970548862
"554" 1 0.997268505872712 0.997268505872712
"555" 1 0.937690390473553 0.937690390473553
"556" 1 0.977431488447072 0.977431488447072
"557" 1 0.995944849959449 0.995944849959449
"558" 1 0.982016348773842 0.982016348773842
"559" 1 0.99599251936949 0.99599251936949
"560" 1 0.98634724368882 0.98634724368882
"561" 1 0.990402559317515 0.990402559317515
"562" 1 0.966277217206585 0.966277217206585
"563" 1 0.996459694989107 0.996459694989107
"564" NA NA NA
"565" 1 0.982395305414777 0.982395305414777
"566" 1 0.984577922077922 0.984577922077922
"567" 1 0.99702300405954 0.99702300405954
"568" 1 0.995171673819742 0.995171673819742
"569" 1 0.976164970540975 0.976164970540975
"570" 1 0.972661484856607 0.972661484856607
"571" 1 0.979278794402583 0.979278794402583
"572" 1 0.977577249111293 0.977577249111293
"573" 1 0.974583219458868 0.974583219458868
"574" NA NA NA
"575" 1 0.987486398258977 0.987486398258977
"576" 1 0.985565356856456 0.985565356856456
"577" 1 0.980365788058096 0.980365788058096
"578" 1 0.989572192513369 0.989572192513369
"579" 1 0.999454446262957 0.999454446262957
"580" 1 0.99265306122449 0.99265306122449
"581" 1 0.998664886515354 0.998664886515354
"582" NA NA NA
"583" 1 0.982587731047415 0.982587731047415
"584" 1 0.975635593220339 0.975635593220339
"585" 1 0.994974874371859 0.994974874371859
"586" 1 0.997553017944535 0.997553017944535
"587" NA NA NA
"588" 1 0.981069958847737 0.981069958847737
"589" 1 0.992023398032438 0.992023398032438
"590" 1 0.990204081632653 0.990204081632653
"591" 1 0.956592956592957 0.956592956592957
"592" 1 0.9976 0.9976
"593" 1 0.985042153929834 0.985042153929834
"594" NA NA NA
"595" 1 0.989258861439313 0.989258861439313
"596" 1 0.975862068965517 0.975862068965517
"597" 1 0.992686890574215 0.992686890574215
"598" 1 0.986253369272237 0.986253369272237
"599" 1 0.984892658362046 0.984892658362046
"600" 1 0.996760259179266 0.996760259179266
"601" 1 0.957315436241611 0.957315436241611
"602" 1 0.997838422048095 0.997838422048095
"603" 1 0.993689986282579 0.993689986282579
"604" 1 0.974875686992934 0.974875686992934
"605" 1 0.976280323450135 0.976280323450135
"606" 1 0.993768626388513 0.993768626388513
"607" 1 0.996524064171123 0.996524064171123
"608" 1 0.988289760348584 0.988289760348584
"609" 1 0.999198717948718 0.999198717948718
"610" 1 0.998912748029356 0.998912748029356
"611" 1 0.981152690521715 0.981152690521715
"612" 1 0.99375 0.99375
"613" 1 0.990976645435244 0.990976645435244
"614" 1 0.990080428954424 0.990080428954424
"615" 1 0.982480153298659 0.982480153298659
"616" 1 0.99006711409396 0.99006711409396
"617" 1 0.97632008709853 0.97632008709853
"618" 1 0.994937383426592 0.994937383426592
"619" 1 0.996461622210125 0.996461622210125
"620" 1 0.983519404572036 0.983519404572036
"621" 1 0.992460958535272 0.992460958535272
"622" 1 0.997585189160182 0.997585189160182
"623" 1 0.990828162934988 0.990828162934988
"624" 1 0.983333333333333 0.983333333333333
"625" 1 0.99167338168144 0.99167338168144
"626" 1 0.994082840236686 0.994082840236686
"627" 1 0.995172968624296 0.995172968624296
"628" 1 0.986803124158362 0.986803124158362
"629" 1 0.998107596647743 0.998107596647743
"630" 1 0.990806409246126 0.990806409246126
"631" 1 0.987736603572381 0.987736603572381
"632" 1 0.998135818908123 0.998135818908123
"633" 1 0.993635640413683 0.993635640413683
"634" 1 0.994862087614927 0.994862087614927
"635" 1 0.997855227882038 0.997855227882038
"636" 1 0.998655552567895 0.998655552567895
"637" 1 0.981405523653268 0.981405523653268
"638" 1 0.949442783365045 0.949442783365045
"639" 1 0.990412782956059 0.990412782956059
"640" 1 0.991204690831556 0.991204690831556
"641" 1 0.984421165726565 0.984421165726565
"642" 1 0.992763334226749 0.992763334226749
"643" 1 0.998397007747796 0.998397007747796
"644" 1 0.98546042003231 0.98546042003231
"645" 1 0.993379310344828 0.993379310344828
"646" 1 0.973497267759563 0.973497267759563
"647" 1 0.997109067017083 0.997109067017083
"648" 1 0.976782299918055 0.976782299918055
"649" 1 0.983593329747176 0.983593329747176
"650" 1 0.99597099113618 0.99597099113618
"651" 1 0.987902117129502 0.987902117129502
"652" 1 0.985919234856536 0.985919234856536
"653" 1 0.999185667752443 0.999185667752443
"654" 1 0.994912985274431 0.994912985274431
"655" 1 0.981695827725437 0.981695827725437
"656" 1 0.996134732192159 0.996134732192159
"657" 1 0.977856752323674 0.977856752323674
"658" 1 0.975589910496338 0.975589910496338
"659" 1 0.971351351351351 0.971351351351351
"660" 1 0.949206349206349 0.949206349206349
"661" 1 0.980428954423592 0.980428954423592
"662" 1 0.984952120383037 0.984952120383037
"663" 1 0.990757855822551 0.990757855822551
"664" 1 0.955747436589315 0.955747436589315
"665" 1 0.981743869209809 0.981743869209809
"666" 1 0.99669330394048 0.99669330394048
"667" 1 0.993441762854145 0.993441762854145
"668" 1 0.999462365591398 0.999462365591398
"669" 1 0.989836854774004 0.989836854774004
"670" 1 0.985815602836879 0.985815602836879
"671" 1 0.984964389343181 0.984964389343181
"672" 1 0.989184911632815 0.989184911632815
"673" 1 0.987862068965517 0.987862068965517
"674" 1 0.997560975609756 0.997560975609756
"675" 1 0.997344662772172 0.997344662772172
"676" NA NA NA
"677" 1 0.970749043193002 0.970749043193002
"678" 1 0.998112189859763 0.998112189859763
"679" 1 0.996276595744681 0.996276595744681
"680" 1 0.981516206804179 0.981516206804179
"681" 1 0.969354838709677 0.969354838709677
"682" 1 0.998671272920542 0.998671272920542
"683" NA NA NA
"684" 1 0.999453850354997 0.999453850354997
"685" NA NA NA
"686" 1 0.974815220366822 0.974815220366822
"687" 1 0.982284505552618 0.982284505552618
"688" 1 0.976313640076232 0.976313640076232
"689" 1 0.983501862692922 0.983501862692922
"690" 1 0.981303418803419 0.981303418803419
"691" 1 0.953349606726336 0.953349606726336
"692" 1 0.98731101511879 0.98731101511879
"693" 1 0.990887161618869 0.990887161618869
"694" 1 0.985290254793801 0.985290254793801
"695" 1 0.951060358890702 0.951060358890702
"696" 1 0.982854128198365 0.982854128198365
"697" 1 0.983602150537634 0.983602150537634
"698" 1 0.994877325424643 0.994877325424643
"699" 1 0.990429313645064 0.990429313645064
"700" 1 0.992260917634052 0.992260917634052
"701" 1 0.987945205479452 0.987945205479452
"702" 1 0.988266666666667 0.988266666666667
"703" 1 0.993403693931398 0.993403693931398
"704" 1 0.984358430540827 0.984358430540827
"705" 1 0.996426608026388 0.996426608026388
"706" 1 0.989812332439678 0.989812332439678
"707" 1 0.979896767182831 0.979896767182831
"708" 1 0.973096583266075 0.973096583266075
"709" NA NA NA
"710" 1 0.985030740443732 0.985030740443732
"711" 1 0.975262167249261 0.975262167249261
"712" 1 0.98355795148248 0.98355795148248
"713" 1 0.999170353982301 0.999170353982301
"714" 1 0.989209603452927 0.989209603452927
"715" 1 0.997584541062802 0.997584541062802
"716" 1 0.977076591154261 0.977076591154261
"717" 1 0.989396411092985 0.989396411092985
"718" 1 0.999454595036815 0.999454595036815
"719" 1 0.972410203019261 0.972410203019261
"720" 1 0.989597225926914 0.989597225926914
"721" 1 0.993506493506494 0.993506493506494
"722" 1 0.9912 0.9912
"723" 1 0.982048574445618 0.982048574445618
"724" 1 0.995981784087865 0.995981784087865
"725" 1 0.979087452471483 0.979087452471483
"726" 1 0.9847453010079 0.9847453010079
"727" 1 0.974666303459548 0.974666303459548
"728" 1 0.983984799131379 0.983984799131379
"729" 1 0.999723527785458 0.999723527785458
"730" 1 0.963081861958267 0.963081861958267
"731" 1 0.992724333063864 0.992724333063864
"732" 1 0.975609756097561 0.975609756097561
"733" 1 0.995128552097429 0.995128552097429
"734" 1 0.989521762493283 0.989521762493283
"735" 1 0.968707482993197 0.968707482993197
"736" 1 0.992626979792463 0.992626979792463
"737" 1 0.989490703314471 0.989490703314471
"738" 1 0.994216469292206 0.994216469292206
"739" 1 0.974953370636824 0.974953370636824
"740" 1 0.982497387669801 0.982497387669801
"741" 1 0.999460916442048 0.999460916442048
"742" 1 0.991169387208991 0.991169387208991
"743" 1 0.970675275760022 0.970675275760022
"744" 1 0.974622030237581 0.974622030237581
"745" 1 0.994569644311702 0.994569644311702
"746" 1 0.963951568519538 0.963951568519538
"747" 1 0.957928802588997 0.957928802588997
"748" 1 0.969564025226213 0.969564025226213
"749" 1 0.989490703314471 0.989490703314471
"750" 1 0.974573978901812 0.974573978901812
"751" 1 0.995695453322572 0.995695453322572
"752" 1 0.973669775095996 0.973669775095996
"753" 1 0.981585268214572 0.981585268214572
"754" 1 0.989165763813651 0.989165763813651
"755" 1 0.978867515578434 0.978867515578434
"756" 1 0.973474801061008 0.973474801061008
"757" 1 0.975398378529494 0.975398378529494
"758" 1 0.997860962566845 0.997860962566845
"759" 1 0.996460658861966 0.996460658861966
"760" 1 0.991997866097626 0.991997866097626
"761" 1 0.998915695310382 0.998915695310382
"762" 1 0.982288828337875 0.982288828337875
"763" 1 0.995689655172414 0.995689655172414
"764" 1 0.983404710920771 0.983404710920771
"765" 1 0.988399683627735 0.988399683627735
"766" 1 0.997567567567568 0.997567567567568
"767" 1 0.984504408228694 0.984504408228694
"768" 1 0.990666666666667 0.990666666666667
"769" 1 0.988885876931418 0.988885876931418
"770" 1 0.980980444682561 0.980980444682561
"771" 1 0.99580492920818 0.99580492920818
"772" 1 0.996774193548387 0.996774193548387
"773" 1 0.983708932935107 0.983708932935107
"774" 1 0.980042575838212 0.980042575838212
"775" 1 0.959763948497854 0.959763948497854
"776" NA NA NA
"777" 1 0.992121706058136 0.992121706058136
"778" NA NA NA
"779" 1 0.98972972972973 0.98972972972973
"780" 1 0.997862105825762 0.997862105825762
"781" 1 0.996731135930264 0.996731135930264
"782" NA NA NA
"783" 1 0.981818181818182 0.981818181818182
"784" 1 0.987567567567568 0.987567567567568
"785" NA NA NA
"786" 1 0.973698630136986 0.973698630136986
"787" 1 0.988708344808593 0.988708344808593
"788" 1 0.997884157630257 0.997884157630257
"789" 1 0.967768147345612 0.967768147345612
"790" 1 0.999197860962567 0.999197860962567
"791" 1 0.994689325544344 0.994689325544344
"792" 1 0.999460480172646 0.999460480172646
"793" 1 0.999457994579946 0.999457994579946
"794" 1 0.985242822645559 0.985242822645559
"795" 1 0.963322545846818 0.963322545846818
"796" 1 0.988418004738089 0.988418004738089
"797" 1 0.97088948787062 0.97088948787062
"798" NA NA NA
"799" 1 0.984901590725263 0.984901590725263
"800" 1 0.998937865108869 0.998937865108869
"801" 1 0.989757412398922 0.989757412398922
"802" 1 0.995104704922491 0.995104704922491
"803" 1 0.976435536294691 0.976435536294691
"804" NA NA NA
"805" 1 0.976254722072315 0.976254722072315
"806" 1 0.957877461706783 0.957877461706783
"807" 1 0.970211654037105 0.970211654037105
"808" 1 0.970304975922954 0.970304975922954
"809" 1 0.984440928270042 0.984440928270042
"810" 1 0.999459020827698 0.999459020827698
"811" NA NA NA
"812" 1 0.998103494987808 0.998103494987808
"813" 1 0.985342019543974 0.985342019543974
"814" 1 0.998411858125993 0.998411858125993
"815" 1 0.987172489082969 0.987172489082969
"816" NA NA NA
"817" 1 0.983156750882912 0.983156750882912
"818" 1 0.99021164021164 0.99021164021164
"819" 1 0.987321284057189 0.987321284057189
"820" 1 0.982042347896006 0.982042347896006
"821" 1 0.99267498643516 0.99267498643516
"822" 1 0.972117962466488 0.972117962466488
"823" 1 0.997847726661286 0.997847726661286
"824" 1 0.98567335243553 0.98567335243553
"825" 1 0.992572944297082 0.992572944297082
"826" 1 0.977260273972603 0.977260273972603
"827" 1 0.992911668484188 0.992911668484188
"828" 1 0.999190064794816 0.999190064794816
"829" 1 0.992773019271949 0.992773019271949
"830" 1 0.971474703982777 0.971474703982777
"831" 1 0.965479452054795 0.965479452054795
"832" 1 0.978432403997896 0.978432403997896
"833" 1 0.997601279317697 0.997601279317697
"834" NA NA NA
"835" 1 0.990813293704404 0.990813293704404
"836" 1 0.991446137396418 0.991446137396418
"837" 1 0.988101676581936 0.988101676581936
"838" 1 0.987304945781539 0.987304945781539
"839" 1 0.992720409813966 0.992720409813966
"840" 1 0.972913211719182 0.972913211719182
"841" 1 1 1
"842" 1 0.988502600602245 0.988502600602245
"843" 1 0.971528337362342 0.971528337362342
"844" 1 0.999191374663073 0.999191374663073
"845" 1 0.979477611940298 0.979477611940298
"846" 1 0.972712680577849 0.972712680577849
"847" 1 0.975251563774816 0.975251563774816
"848" 1 0.975099337748344 0.975099337748344
"849" 1 0.9991961414791 0.9991961414791
"850" 1 0.99840848806366 0.99840848806366
"851" 1 0.984726688102894 0.984726688102894
"852" 1 0.987601078167116 0.987601078167116
"853" 1 0.996649916247906 0.996649916247906
"854" 1 0.993464052287582 0.993464052287582
"855" 1 0.993977481015973 0.993977481015973
"856" 1 0.991225737835682 0.991225737835682
"857" 1 0.994444444444444 0.994444444444444
"858" 1 0.996293354514165 0.996293354514165
"859" 1 0.982730263157895 0.982730263157895
"860" 1 0.961014176663032 0.961014176663032
"861" 1 0.999189846070753 0.999189846070753
"862" 1 0.997850040311744 0.997850040311744
"863" 1 0.973956949242626 0.973956949242626
"864" 1 0.992942453854506 0.992942453854506
"865" 1 0.999184782608696 0.999184782608696
"866" 1 0.998106060606061 0.998106060606061
"867" 1 0.992576882290562 0.992576882290562
"868" 1 0.977130411108086 0.977130411108086
"869" 1 0.990072444325194 0.990072444325194
"870" 1 0.985972484488805 0.985972484488805
"871" 1 0.985930735930736 0.985930735930736
"872" 1 0.985294117647059 0.985294117647059
"873" 1 0.998136315228967 0.998136315228967
"874" 1 0.971436343852013 0.971436343852013
"875" 1 0.975470155355683 0.975470155355683
"876" 1 0.992955838526145 0.992955838526145
"877" 1 0.979543039319873 0.979543039319873
"878" 1 0.981547782979895 0.981547782979895
"879" 1 0.995184590690209 0.995184590690209
"880" 1 0.998655913978495 0.998655913978495
"881" 1 0.992115280043502 0.992115280043502
"882" 1 0.997552352461246 0.997552352461246
"883" 1 0.998383185125303 0.998383185125303
"884" 1 0.975353087787317 0.975353087787317
"885" 1 0.986497657756958 0.986497657756958
"886" 1 0.997573469937989 0.997573469937989
"887" 1 0.969656992084433 0.969656992084433
"888" 1 0.981683980317113 0.981683980317113
"889" 1 0.976274884101445 0.976274884101445
"890" 1 0.999196356817573 0.999196356817573
"891" 1 0.9750656167979 0.9750656167979
"892" 1 0.997524071526823 0.997524071526823
"893" 1 0.987334801762115 0.987334801762115
"894" 1 0.966368321128289 0.966368321128289
"895" 1 0.981581798483207 0.981581798483207
"896" 1 0.986286341195831 0.986286341195831
"897" 1 0.993212055389628 0.993212055389628
"898" 1 0.985038084874864 0.985038084874864
"899" 1 0.981192052980132 0.981192052980132
"900" 1 0.978226234731811 0.978226234731811
"901" 1 0.98974358974359 0.98974358974359
"902" 1 0.963349384697699 0.963349384697699
"903" 1 0.989373297002725 0.989373297002725
"904" 1 0.997836668469443 0.997836668469443
"905" 1 0.994597514856834 0.994597514856834
"906" 1 0.98644698378953 0.98644698378953
"907" 1 0.988062940857298 0.988062940857298
"908" 1 0.995073891625616 0.995073891625616
"909" 1 0.984262838210933 0.984262838210933
"910" 1 0.992491284526683 0.992491284526683
"911" 1 0.959957287773625 0.959957287773625
"912" 1 0.963364993215739 0.963364993215739
"913" NA NA NA
"914" 1 0.99675148890092 0.99675148890092
"915" 1 0.982075976457999 0.982075976457999
"916" 1 0.991491624567934 0.991491624567934
"917" 1 0.967112299465241 0.967112299465241
"918" 1 0.990527740189445 0.990527740189445
"919" 1 1 1
"920" 1 0.95655737704918 0.95655737704918
"921" 1 0.983724653148346 0.983724653148346
"922" 1 0.996769851951548 0.996769851951548
"923" 1 0.982035928143713 0.982035928143713
"924" 1 0.992863024979413 0.992863024979413
"925" 1 0.990096359743041 0.990096359743041
"926" 1 0.987131367292225 0.987131367292225
"927" 1 0.971443821724046 0.971443821724046
"928" 1 0.988794752664662 0.988794752664662
"929" 1 0.986842105263158 0.986842105263158
"930" 1 0.988022358264573 0.988022358264573
"931" 1 0.972826086956522 0.972826086956522
"932" 1 0.984880636604775 0.984880636604775
"933" NA NA NA
"934" 1 0.987203412423354 0.987203412423354
"935" 1 0.987037537132055 0.987037537132055
"936" 1 0.973233995584989 0.973233995584989
"937" 1 0.993788819875776 0.993788819875776
"938" 1 0.993560504427153 0.993560504427153
"939" 1 0.976663090128755 0.976663090128755
"940" 1 0.96149703823371 0.96149703823371
"941" 1 0.990813293704404 0.990813293704404
"942" 1 0.975919913419913 0.975919913419913
"943" 1 0.993391488236849 0.993391488236849
"944" 1 0.97612020391736 0.97612020391736
"945" 1 0.99231613611416 0.99231613611416
"946" 1 0.971567831031682 0.971567831031682
"947" 1 0.996738244088067 0.996738244088067
"948" 1 0.995964487489911 0.995964487489911
"949" 1 0.996999454446263 0.996999454446263
"950" 1 0.991720085470085 0.991720085470085
"951" 1 0.994569644311702 0.994569644311702
"952" 1 0.988299319727891 0.988299319727891
"953" 1 0.999192245557351 0.999192245557351
"954" 1 0.988527214514408 0.988527214514408
"955" 1 0.96862960924601 0.96862960924601
"956" 1 0.986504723346829 0.986504723346829
"957" 1 0.970757180156658 0.970757180156658
"958" 1 0.991273520589037 0.991273520589037
"959" 1 0.999726701284504 0.999726701284504
"960" 1 0.991468941615569 0.991468941615569
"961" 1 0.968959058067969 0.968959058067969
"962" 1 0.992649060713313 0.992649060713313
"963" 1 0.984631976273928 0.984631976273928
"964" NA NA NA
"965" 1 0.968724052034321 0.968724052034321
"966" 1 0.998932479316787 0.998932479316787
"967" 1 0.99313375446306 0.99313375446306
"968" 1 0.984370789544597 0.984370789544597
"969" 1 0.98893984353925 0.98893984353925
"970" 1 0.999192245557351 0.999192245557351
"971" 1 0.990471148755956 0.990471148755956
"972" 1 0.988107822410148 0.988107822410148
"973" 1 0.983954310579277 0.983954310579277
"974" 1 0.98572582817129 0.98572582817129
"975" 1 0.979161028416779 0.979161028416779
"976" 1 0.997241379310345 0.997241379310345
"977" 1 0.985314491548905 0.985314491548905
"978" 1 0.991689008042895 0.991689008042895
"979" 1 0.987761762306228 0.987761762306228
"980" 1 0.998618402873722 0.998618402873722
"981" 1 0.990291262135922 0.990291262135922
"982" 1 0.996142187930559 0.996142187930559
"983" 1 0.999460916442048 0.999460916442048
"984" 1 0.998926462694579 0.998926462694579
"985" 1 0.956905781584582 0.956905781584582
"986" 1 0.990894483128013 0.990894483128013
"987" 1 0.998381440517939 0.998381440517939
"988" 1 0.977365694027816 0.977365694027816
"989" 1 0.991807755324959 0.991807755324959
"990" 1 0.996306068601583 0.996306068601583
"991" 1 0.999459897380502 0.999459897380502
"992" 1 0.999470479216309 0.999470479216309
"993" 1 0.997027027027027 0.997027027027027
"994" NA NA NA
"995" 1 0.997584541062802 0.997584541062802
"996" 1 0.995713903027056 0.995713903027056
"997" NA NA NA
"998" 1 0.977242302543507 0.977242302543507
"999" 1 0.982781813290288 0.982781813290288
"1000" 1 0.967707212055974 0.967707212055974
