"V1" "V2" "V3"
"1" 1 0.972906403940887 0.972906403940887
"2" 1 0.964102564102564 0.964102564102564
"3" NA NA NA
"4" 1 0.997530864197531 0.997530864197531
"5" 1 0.877450980392157 0.877450980392157
"6" 1 0.91016548463357 0.91016548463357
"7" 1 0.934508816120907 0.934508816120907
"8" 1 0.99009900990099 0.99009900990099
"9" 1 0.914572864321608 0.914572864321608
"10" 1 0.997361477572559 0.997361477572559
"11" 1 0.92 0.92
"12" 1 0.919512195121951 0.919512195121951
"13" 1 0.924050632911392 0.924050632911392
"14" 1 0.875 0.875
"15" 1 0.562659846547315 0.562659846547315
"16" 1 0.977329974811083 0.977329974811083
"17" 1 0.938775510204082 0.938775510204082
"18" 1 0.936224489795918 0.936224489795918
"19" 1 0.941919191919192 0.941919191919192
"20" 1 0.972361809045226 0.972361809045226
"21" 1 0.96969696969697 0.96969696969697
"22" 1 0.925187032418953 0.925187032418953
"23" 1 0.979899497487437 0.979899497487437
"24" 1 0.984962406015038 0.984962406015038
"25" 1 0.891041162227603 0.891041162227603
"26" 0.972 0.96969696969697 0.936868686868687
"27" 0.954 0.757946210268949 0.718826405867971
"28" 1 0.969465648854962 0.969465648854962
"29" 0.702 0.916455696202532 0.632911392405063
"30" 1 0.946428571428571 0.946428571428571
"31" 1 0.98974358974359 0.98974358974359
"32" 0.734 0.957605985037406 0.70573566084788
"33" 1 0.990430622009569 0.990430622009569
"34" 1 0.971223021582734 0.971223021582734
"35" 1 0.697044334975369 0.697044334975369
"36" 1 0.936274509803922 0.936274509803922
"37" 1 0.956852791878173 0.956852791878173
"38" 1 0.922879177377892 0.922879177377892
"39" 1 0.891959798994975 0.891959798994975
"40" 1 0.845208845208845 0.845208845208845
"41" 0.992 0.975247524752475 0.967821782178218
"42" 0.876 0.95 0.83
"43" 0.892 0.842615012106538 0.76271186440678
"44" 1 0.980099502487562 0.980099502487562
"45" 1 0.870229007633588 0.870229007633588
"46" 1 0.9119804400978 0.9119804400978
"47" 1 0.909319899244333 0.909319899244333
"48" 1 0.926650366748166 0.926650366748166
"49" 1 0.977667493796526 0.977667493796526
"50" 1 0.947103274559194 0.947103274559194
"51" 0.974 0.809160305343511 0.78117048346056
"52" 1 0.968058968058968 0.968058968058968
"53" 1 0.933168316831683 0.933168316831683
"54" 1 0.764556962025316 0.764556962025316
"55" 1 0.98469387755102 0.98469387755102
"56" 1 0.921375921375921 0.921375921375921
"57" 1 0.885786802030457 0.885786802030457
"58" 1 0.885572139303483 0.885572139303483
"59" 1 0.944174757281553 0.944174757281553
"60" 1 0.98 0.98
"61" 1 0.950617283950617 0.950617283950617
"62" 1 0.881909547738693 0.881909547738693
"63" 1 0.7925 0.7925
"64" 1 0.876884422110553 0.876884422110553
"65" 0.906 0.889975550122249 0.806845965770171
"66" 1 0.9225 0.9225
"67" 0.842 0.853164556962025 0.716455696202532
"68" 0.98 0.722921914357683 0.710327455919396
"69" 1 0.987212276214834 0.987212276214834
"70" 1 0.987309644670051 0.987309644670051
"71" 1 0.982233502538071 0.982233502538071
"72" NA NA NA
"73" 1 0.868686868686869 0.868686868686869
"74" 1 0.970223325062035 0.970223325062035
"75" 0.868 0.932975871313673 0.820375335120643
"76" 1 0.939546599496222 0.939546599496222
"77" 1 1 1
"78" 1 0.958230958230958 0.958230958230958
"79" 1 0.99746835443038 0.99746835443038
"80" 1 0.962406015037594 0.962406015037594
"81" 1 0.974358974358974 0.974358974358974
"82" 1 0.914425427872861 0.914425427872861
"83" 1 0.887530562347188 0.887530562347188
"84" 1 0.976683937823834 0.976683937823834
"85" 1 0.945876288659794 0.945876288659794
"86" 1 0.990147783251232 0.990147783251232
"87" 0.738 0.905109489051095 0.664233576642336
"88" 1 0.918918918918919 0.918918918918919
"89" 1 0.992443324937028 0.992443324937028
"90" 1 0.982758620689655 0.982758620689655
"91" 1 0.792405063291139 0.792405063291139
"92" 1 0.9775 0.9775
"93" 1 0.864321608040201 0.864321608040201
"94" 1 0.936430317848411 0.936430317848411
"95" 1 0.942065491183879 0.942065491183879
"96" 1 0.895939086294416 0.895939086294416
"97" 0.804 0.960732984293194 0.772251308900524
"98" 1 0.9225 0.9225
"99" 1 0.956730769230769 0.956730769230769
"100" 1 0.943488943488944 0.943488943488944
"101" 1 0.950738916256158 0.950738916256158
"102" 1 0.908629441624365 0.908629441624365
"103" 1 0.933168316831683 0.933168316831683
"104" 1 0.946969696969697 0.946969696969697
"105" 1 0.891752577319588 0.891752577319588
"106" 1 0.97037037037037 0.97037037037037
"107" 1 0.877697841726619 0.877697841726619
"108" 1 0.970802919708029 0.970802919708029
"109" 0.778 0.967661691542289 0.753731343283582
"110" 1 0.980246913580247 0.980246913580247
"111" 0.948 0.95771144278607 0.91044776119403
"112" 1 0.931297709923664 0.931297709923664
"113" 0.998 0.6625 0.66
"114" 1 0.997542997542998 0.997542997542998
"115" 1 0.977040816326531 0.977040816326531
"116" 1 0.912621359223301 0.912621359223301
"117" 1 0.984575835475578 0.984575835475578
"118" 1 0.923990498812352 0.923990498812352
"119" 1 0.823529411764706 0.823529411764706
"120" 1 0.808673469387755 0.808673469387755
"121" 1 0.91644908616188 0.91644908616188
"122" 1 0.974683544303797 0.974683544303797
"123" 1 0.940298507462687 0.940298507462687
"124" 0.824 0.909774436090226 0.744360902255639
"125" 1 0.967741935483871 0.967741935483871
"126" 1 0.888888888888889 0.888888888888889
"127" 0.638 0.977099236641221 0.641221374045801
"128" 1 0.989974937343358 0.989974937343358
"129" 1 0.920987654320988 0.920987654320988
"130" 1 0.845410628019324 0.845410628019324
"131" 1 0.982800982800983 0.982800982800983
"132" 1 0.927318295739348 0.927318295739348
"133" 1 0.862944162436548 0.862944162436548
"134" 1 0.933497536945813 0.933497536945813
"135" 1 0.915 0.915
"136" 0.616 0.994987468671679 0.614035087719298
"137" 1 0.945497630331754 0.945497630331754
"138" 0.876 0.910669975186104 0.786600496277916
"139" 0.928 0.912060301507538 0.846733668341708
"140" 1 0.928205128205128 0.928205128205128
"141" 1 0.705 0.705
"142" 1 0.931645569620253 0.931645569620253
"143" 0.82 0.961352657004831 0.780193236714976
"144" 0.982 0.929824561403509 0.914786967418546
"145" 1 0.947890818858561 0.947890818858561
"146" 1 1 1
"147" 1 0.98547215496368 0.98547215496368
"148" 1 0.893300248138958 0.893300248138958
"149" 0.978 0.902887139107612 0.881889763779528
"150" 1 0.898765432098765 0.898765432098765
"151" 1 0.914141414141414 0.914141414141414
"152" 1 0.973190348525469 0.973190348525469
"153" 1 0.918518518518519 0.918518518518519
"154" 0.786 0.963636363636364 0.750649350649351
"155" 1 0.948148148148148 0.948148148148148
"156" 1 0.856435643564356 0.856435643564356
"157" 1 0.875 0.875
"158" 0.958 0.905852417302799 0.865139949109415
"159" 0.676 0.97283950617284 0.659259259259259
"160" 1 0.970074812967581 0.970074812967581
"161" 1 0.953846153846154 0.953846153846154
"162" 1 0.98547215496368 0.98547215496368
"163" 1 0.990147783251232 0.990147783251232
"164" 1 0.953658536585366 0.953658536585366
"165" 1 0.821882951653944 0.821882951653944
"166" 1 0.975 0.975
"167" 1 0.819095477386935 0.819095477386935
"168" 1 0.877237851662404 0.877237851662404
"169" 0.642 0.99748743718593 0.64572864321608
"170" 1 0.950372208436725 0.950372208436725
"171" 1 0.980440097799511 0.980440097799511
"172" 0.82 0.902061855670103 0.719072164948454
"173" 1 0.982456140350877 0.982456140350877
"174" 1 0.890776699029126 0.890776699029126
"175" 1 0.920987654320988 0.920987654320988
"176" 1 0.888888888888889 0.888888888888889
"177" 1 0.949622166246851 0.949622166246851
"178" 1 0.962686567164179 0.962686567164179
"179" 1 0.987623762376238 0.987623762376238
"180" 1 1 1
"181" 0.98 0.969230769230769 0.951282051282051
"182" 1 0.893670886075949 0.893670886075949
"183" 0.76 0.906565656565657 0.69949494949495
"184" 1 0.949367088607595 0.949367088607595
"185" 1 0.972292191435768 0.972292191435768
"186" 1 0.970873786407767 0.970873786407767
"187" 1 0.966580976863753 0.966580976863753
"188" 1 0.851010101010101 0.851010101010101
"189" 1 0.924242424242424 0.924242424242424
"190" 1 0.926952141057935 0.926952141057935
"191" 0.956 0.96039603960396 0.918316831683168
"192" 1 0.90379746835443 0.90379746835443
"193" 1 0.919315403422983 0.919315403422983
"194" 1 0.894088669950739 0.894088669950739
"195" 1 0.975124378109453 0.975124378109453
"196" 1 0.881443298969072 0.881443298969072
"197" 1 0.855297157622739 0.855297157622739
"198" 1 0.885496183206107 0.885496183206107
"199" 1 0.869674185463659 0.869674185463659
"200" 1 0.77363184079602 0.77363184079602
"201" 1 0.769423558897243 0.769423558897243
"202" 1 0.985257985257985 0.985257985257985
"203" 1 0.982543640897756 0.982543640897756
"204" 0.846 0.982630272952854 0.838709677419355
"205" 1 0.925831202046036 0.925831202046036
"206" 1 0.994884910485934 0.994884910485934
"207" 1 0.966751918158568 0.966751918158568
"208" 0.816 0.982412060301508 0.796482412060301
"209" 1 0.967980295566502 0.967980295566502
"210" 1 0.877284595300261 0.877284595300261
"211" 1 0.984293193717278 0.984293193717278
"212" 0.858 0.942643391521197 0.798004987531172
"213" 0.962 0.944711538461538 0.908653846153846
"214" 1 0.871536523929471 0.871536523929471
"215" 0.796 0.934343434343434 0.732323232323232
"216" 1 0.8274231678487 0.8274231678487
"217" 0.764 1 0.762148337595908
"218" 1 0.99238578680203 0.99238578680203
"219" 1 0.982926829268293 0.982926829268293
"220" 1 0.987405541561713 0.987405541561713
"221" 1 0.90126582278481 0.90126582278481
"222" 1 0.807017543859649 0.807017543859649
"223" 1 0.898514851485149 0.898514851485149
"224" 1 0.926020408163265 0.926020408163265
"225" 1 0.977157360406091 0.977157360406091
"226" 1 0.917705735660848 0.917705735660848
"227" 1 0.897243107769424 0.897243107769424
"228" 1 0.909319899244333 0.909319899244333
"229" 1 0.970660146699266 0.970660146699266
"230" 0.71 0.972151898734177 0.693670886075949
"231" 1 0.997474747474748 0.997474747474748
"232" 1 0.928381962864722 0.928381962864722
"233" 1 0.922879177377892 0.922879177377892
"234" 1 0.845959595959596 0.845959595959596
"235" 1 0.992518703241895 0.992518703241895
"236" 1 0.964539007092199 0.964539007092199
"237" 1 0.951156812339332 0.951156812339332
"238" 1 0.868894601542416 0.868894601542416
"239" 1 0.983173076923077 0.983173076923077
"240" 1 0.881612090680101 0.881612090680101
"241" 1 0.833333333333333 0.833333333333333
"242" 1 0.958937198067633 0.958937198067633
"243" 1 0.989847715736041 0.989847715736041
"244" 1 0.954773869346734 0.954773869346734
"245" 1 0.970976253298153 0.970976253298153
"246" 1 0.974683544303797 0.974683544303797
"247" 1 0.90547263681592 0.90547263681592
"248" 1 0.979899497487437 0.979899497487437
"249" 1 0.970944309927361 0.970944309927361
"250" 1 0.942355889724311 0.942355889724311
"251" 1 0.785714285714286 0.785714285714286
"252" 0.74 0.850253807106599 0.634517766497462
"253" 0.748 0.88423645320197 0.660098522167488
"254" 0.82 0.81360201511335 0.690176322418136
"255" 1 0.849872773536896 0.849872773536896
"256" 1 0.666666666666667 0.666666666666667
"257" 1 0.943069306930693 0.943069306930693
"258" 1 0.848258706467662 0.848258706467662
"259" 1 0.931707317073171 0.931707317073171
"260" 1 0.983009708737864 0.983009708737864
"261" 0.858 0.985074626865672 0.838308457711443
"262" 1 0.981818181818182 0.981818181818182
"263" 1 0.98014888337469 0.98014888337469
"264" 0.698 0.94949494949495 0.661616161616162
"265" 1 0.981865284974093 0.981865284974093
"266" 1 0.932330827067669 0.932330827067669
"267" 1 0.930864197530864 0.930864197530864
"268" 0.998 0.927184466019418 0.924757281553398
"269" 1 0.9328165374677 0.9328165374677
"270" 1 0.997530864197531 0.997530864197531
"271" 1 0.94061757719715 0.94061757719715
"272" 1 0.985185185185185 0.985185185185185
"273" 1 0.921951219512195 0.921951219512195
"274" 0.998 0.808457711442786 0.808457711442786
"275" 1 0.99746835443038 0.99746835443038
"276" 0.93 0.96031746031746 0.899470899470899
"277" 0.768 0.995121951219512 0.760975609756098
"278" 1 0.971502590673575 0.971502590673575
"279" 1 0.89974293059126 0.89974293059126
"280" 1 0.927184466019418 0.927184466019418
"281" 1 0.974160206718346 0.974160206718346
"282" 1 0.973170731707317 0.973170731707317
"283" 1 0.87468671679198 0.87468671679198
"284" 1 0.977611940298508 0.977611940298508
"285" 1 0.982456140350877 0.982456140350877
"286" 1 0.895522388059702 0.895522388059702
"287" 1 0.957393483709273 0.957393483709273
"288" 1 0.943349753694581 0.943349753694581
"289" 1 0.994949494949495 0.994949494949495
"290" 1 0.93 0.93
"291" 1 0.989583333333333 0.989583333333333
"292" 1 0.881481481481482 0.881481481481482
"293" 1 0.995024875621891 0.995024875621891
"294" 1 0.840796019900497 0.840796019900497
"295" 1 0.992405063291139 0.992405063291139
"296" 1 0.881313131313131 0.881313131313131
"297" 1 0.96144578313253 0.96144578313253
"298" 1 0.972222222222222 0.972222222222222
"299" 0.686 0.978048780487805 0.675609756097561
"300" 1 0.859335038363171 0.859335038363171
"301" 1 0.977777777777778 0.977777777777778
"302" 0.892 0.860759493670886 0.769620253164557
"303" 1 0.953846153846154 0.953846153846154
"304" 1 0.82687338501292 0.82687338501292
"305" 1 0.977667493796526 0.977667493796526
"306" 1 0.878865979381443 0.878865979381443
"307" 1 0.905 0.905
"308" 1 0.958024691358025 0.958024691358025
"309" 1 0.897959183673469 0.897959183673469
"310" 1 0.965601965601966 0.965601965601966
"311" 1 0.9125 0.9125
"312" 1 0.848484848484849 0.848484848484849
"313" 0.732 0.929471032745592 0.670025188916877
"314" 1 0.985074626865672 0.985074626865672
"315" 1 0.975186104218362 0.975186104218362
"316" 1 0.974874371859296 0.974874371859296
"317" 1 0.997607655502392 0.997607655502392
"318" 0.734 0.944038929440389 0.678832116788321
"319" 0.696 0.995121951219512 0.7
"320" 1 0.987437185929648 0.987437185929648
"321" 1 0.904176904176904 0.904176904176904
"322" 1 0.888888888888889 0.888888888888889
"323" 1 0.909774436090226 0.909774436090226
"324" 1 0.927680798004987 0.927680798004987
"325" 1 0.992405063291139 0.992405063291139
"326" 1 0.992481203007519 0.992481203007519
"327" 1 0.911458333333333 0.911458333333333
"328" 1 0.947761194029851 0.947761194029851
"329" 0.804 0.985148514851485 0.77970297029703
"330" 1 0.9559902200489 0.9559902200489
"331" 1 0.912280701754386 0.912280701754386
"332" 1 0.945812807881773 0.945812807881773
"333" 1 0.984415584415584 0.984415584415584
"334" 1 0.910669975186104 0.910669975186104
"335" 1 0.856777493606138 0.856777493606138
"336" 1 0.974619289340102 0.974619289340102
"337" 1 0.982097186700767 0.982097186700767
"338" 1 0.992481203007519 0.992481203007519
"339" 0.962 0.798982188295165 0.770992366412214
"340" 1 0.964735516372796 0.964735516372796
"341" 1 0.950859950859951 0.950859950859951
"342" 0.888 0.810126582278481 0.729113924050633
"343" 1 0.805626598465473 0.805626598465473
"344" 1 0.971794871794872 0.971794871794872
"345" 0.768 0.946078431372549 0.727941176470588
"346" 0.968 0.915601023017903 0.887468030690537
"347" 1 0.982587064676617 0.982587064676617
"348" 1 0.964376590330789 0.964376590330789
"349" 0.852 0.992537313432836 0.850746268656716
"350" 1 0.992424242424242 0.992424242424242
"351" 0.972 0.99 0.9675
"352" 1 0.95771144278607 0.95771144278607
"353" 0.77 0.931472081218274 0.695431472081218
"354" 1 0.985365853658537 0.985365853658537
"355" 1 0.887755102040816 0.887755102040816
"356" 1 0.942211055276382 0.942211055276382
"357" 1 0.9725 0.9725
"358" 1 0.949874686716792 0.949874686716792
"359" 1 0.923664122137405 0.923664122137405
"360" 0.838 0.945 0.805
"361" 0.932 0.929782082324455 0.86682808716707
"362" 1 0.912596401028278 0.912596401028278
"363" 1 0.940446650124069 0.940446650124069
"364" 1 0.919896640826873 0.919896640826873
"365" 1 0.979848866498741 0.979848866498741
"366" 1 0.906633906633907 0.906633906633907
"367" 1 0.979746835443038 0.979746835443038
"368" 1 0.928934010152284 0.928934010152284
"369" 1 0.69873417721519 0.69873417721519
"370" 1 0.903645833333333 0.903645833333333
"371" 1 0.890776699029126 0.890776699029126
"372" 1 0.979746835443038 0.979746835443038
"373" 1 1 1
"374" 0.848 0.947890818858561 0.80893300248139
"375" 1 0.987593052109181 0.987593052109181
"376" 1 0.907730673316708 0.907730673316708
"377" 0.664 0.987046632124352 0.613989637305699
"378" 1 0.961928934010152 0.961928934010152
"379" 1 0.924623115577889 0.924623115577889
"380" 1 0.964912280701754 0.964912280701754
"381" 1 0.904145077720207 0.904145077720207
"382" 1 0.8875 0.8875
"383" 1 0.906091370558376 0.906091370558376
"384" 1 0.867532467532467 0.867532467532467
"385" 1 0.932530120481928 0.932530120481928
"386" 0.822 0.919799498746867 0.761904761904762
"387" 1 0.891687657430731 0.891687657430731
"388" 1 0.978048780487805 0.978048780487805
"389" 1 0.919191919191919 0.919191919191919
"390" 1 0.989974937343358 0.989974937343358
"391" 1 0.963855421686747 0.963855421686747
"392" 1 0.838790931989924 0.838790931989924
"393" 1 0.952141057934509 0.952141057934509
"394" 1 0.994897959183674 0.994897959183674
"395" 1 0.726415094339623 0.726415094339623
"396" 1 0.920792079207921 0.920792079207921
"397" 1 0.97 0.97
"398" 1 0.819753086419753 0.819753086419753
"399" 1 0.997536945812808 0.997536945812808
"400" 1 0.913612565445026 0.913612565445026
"401" 1 0.858942065491184 0.858942065491184
"402" 1 0.948148148148148 0.948148148148148
"403" 1 0.873762376237624 0.873762376237624
"404" 1 0.99468085106383 0.99468085106383
"405" 1 0.916230366492147 0.916230366492147
"406" 1 0.997455470737914 0.997455470737914
"407" 1 0.975308641975309 0.975308641975309
"408" 1 0.990123456790123 0.990123456790123
"409" 0.908 0.983050847457627 0.900726392251816
"410" 1 0.942558746736292 0.942558746736292
"411" 1 0.956852791878173 0.956852791878173
"412" 0.844 0.919270833333333 0.765625
"413" 1 0.929268292682927 0.929268292682927
"414" 1 0.934673366834171 0.934673366834171
"415" 1 1 1
"416" 1 0.946601941747573 0.946601941747573
"417" 1 0.939086294416244 0.939086294416244
"418" 1 0.97172236503856 0.97172236503856
"419" 1 0.985074626865672 0.985074626865672
"420" 1 0.980535279805353 0.980535279805353
"421" 1 0.888324873096447 0.888324873096447
"422" 0.806 0.997518610421836 0.803970223325062
"423" 1 0.891414141414141 0.891414141414141
"424" 1 0.965 0.965
"425" 1 0.858585858585859 0.858585858585859
"426" 0.756 0.914285714285714 0.714285714285714
"427" 1 0.987684729064039 0.987684729064039
"428" 1 0.91183879093199 0.91183879093199
"429" 1 0.961928934010152 0.961928934010152
"430" 1 0.941025641025641 0.941025641025641
"431" 1 0.926395939086294 0.926395939086294
"432" 1 0.982142857142857 0.982142857142857
"433" 1 0.900763358778626 0.900763358778626
"434" 1 0.994936708860759 0.994936708860759
"435" 1 0.953883495145631 0.953883495145631
"436" 0.712 1 0.721549636803874
"437" 0.904 0.9925 0.8925
"438" 0.846 0.902200488997555 0.770171149144254
"439" 1 0.805626598465473 0.805626598465473
"440" 1 0.9325 0.9325
"441" 1 0.967005076142132 0.967005076142132
"442" 1 0.923267326732673 0.923267326732673
"443" 1 0.868811881188119 0.868811881188119
"444" 0.994 0.974554707379135 0.969465648854962
"445" 1 0.903465346534653 0.903465346534653
"446" 1 0.735148514851485 0.735148514851485
"447" 0.91 0.923809523809524 0.84047619047619
"448" 1 0.990361445783133 0.990361445783133
"449" 1 0.983253588516746 0.983253588516746
"450" 1 0.854320987654321 0.854320987654321
"451" 1 0.964824120603015 0.964824120603015
"452" 1 0.982233502538071 0.982233502538071
"453" 1 0.935162094763092 0.935162094763092
"454" 1 1 1
"455" 1 0.987113402061856 0.987113402061856
"456" 1 0.936018957345972 0.936018957345972
"457" 1 0.963824289405685 0.963824289405685
"458" 1 0.980099502487562 0.980099502487562
"459" 1 0.954081632653061 0.954081632653061
"460" 1 0.939947780678851 0.939947780678851
"461" 1 0.975247524752475 0.975247524752475
"462" 1 0.929133858267717 0.929133858267717
"463" 1 0.963917525773196 0.963917525773196
"464" 0.996 0.902813299232737 0.89769820971867
"465" 1 0.953658536585366 0.953658536585366
"466" 1 0.957286432160804 0.957286432160804
"467" 1 0.940298507462687 0.940298507462687
"468" 1 0.900249376558603 0.900249376558603
"469" 1 0.982843137254902 0.982843137254902
"470" 1 0.934177215189873 0.934177215189873
"471" 1 0.979539641943734 0.979539641943734
"472" 0.698 0.960591133004926 0.672413793103448
"473" 1 0.807594936708861 0.807594936708861
"474" 0.678 0.972292191435768 0.644836272040302
"475" 1 0.829145728643216 0.829145728643216
"476" 1 0.99009900990099 0.99009900990099
"477" 1 0.858611825192802 0.858611825192802
"478" 0.674 0.944038929440389 0.639902676399027
"479" 0.98 0.893827160493827 0.879012345679012
"480" 1 0.837209302325581 0.837209302325581
"481" 1 0.899497487437186 0.899497487437186
"482" 0.74 0.841975308641975 0.619753086419753
"483" 1 0.918367346938776 0.918367346938776
"484" 1 0.977777777777778 0.977777777777778
"485" 1 0.90379746835443 0.90379746835443
"486" 1 0.920199501246883 0.920199501246883
"487" 1 0.966836734693878 0.966836734693878
"488" 1 0.826633165829146 0.826633165829146
"489" 0.902 0.987623762376238 0.891089108910891
"490" 1 0.967418546365915 0.967418546365915
"491" 1 0.977886977886978 0.977886977886978
"492" 1 0.9875 0.9875
"493" 1 0.789346246973366 0.789346246973366
"494" 1 0.96969696969697 0.96969696969697
"495" 1 0.939240506329114 0.939240506329114
"496" 1 0.894329896907217 0.894329896907217
"497" 1 0.796833773087071 0.796833773087071
"498" 1 0.782716049382716 0.782716049382716
"499" 1 0.923076923076923 0.923076923076923
"500" 0.852 0.948655256723716 0.809290953545232
"501" 0.802 0.874384236453202 0.689655172413793
"502" 1 0.967581047381546 0.967581047381546
"503" 0.86 0.955773955773956 0.823095823095823
"504" 1 0.844387755102041 0.844387755102041
"505" 1 0.98974358974359 0.98974358974359
"506" 1 0.975490196078431 0.975490196078431
"507" 1 0.901719901719902 0.901719901719902
"508" 1 0.982926829268293 0.982926829268293
"509" 1 0.975609756097561 0.975609756097561
"510" 1 0.873134328358209 0.873134328358209
"511" 1 0.793187347931874 0.793187347931874
"512" 1 0.930521091811414 0.930521091811414
"513" 1 0.823383084577114 0.823383084577114
"514" 1 0.96039603960396 0.96039603960396
"515" 1 0.944303797468354 0.944303797468354
"516" 1 0.886138613861386 0.886138613861386
"517" 0.95 0.951898734177215 0.90379746835443
"518" 1 0.889156626506024 0.889156626506024
"519" 1 0.985037406483791 0.985037406483791
"520" 0.74 0.946969696969697 0.696969696969697
"521" 1 0.890625 0.890625
"522" 0.936 0.957393483709273 0.892230576441103
"523" 1 0.983050847457627 0.983050847457627
"524" 1 0.961259079903148 0.961259079903148
"525" 1 0.936386768447837 0.936386768447837
"526" 1 0.980295566502463 0.980295566502463
"527" 1 0.828947368421053 0.828947368421053
"528" 1 0.969465648854962 0.969465648854962
"529" 1 0.82512315270936 0.82512315270936
"530" 1 0.965260545905707 0.965260545905707
"531" 0.848 0.902255639097744 0.764411027568922
"532" 1 0.959493670886076 0.959493670886076
"533" 1 0.85678391959799 0.85678391959799
"534" 1 0.95609756097561 0.95609756097561
"535" 1 0.972772277227723 0.972772277227723
"536" 1 0.945 0.945
"537" 1 0.967581047381546 0.967581047381546
"538" 1 0.977386934673367 0.977386934673367
"539" 0.826 0.953367875647668 0.77720207253886
"540" 0.936 0.82962962962963 0.777777777777778
"541" 1 0.995121951219512 0.995121951219512
"542" 1 0.992518703241895 0.992518703241895
"543" 1 0.862068965517241 0.862068965517241
"544" 1 0.778054862842893 0.778054862842893
"545" 1 0.877284595300261 0.877284595300261
"546" 1 0.962871287128713 0.962871287128713
"547" 1 0.8975 0.8975
"548" 1 0.98019801980198 0.98019801980198
"549" 1 0.841975308641975 0.841975308641975
"550" 0.712 0.876288659793814 0.621134020618557
"551" 1 0.982926829268293 0.982926829268293
"552" 1 0.947630922693267 0.947630922693267
"553" 1 0.933673469387755 0.933673469387755
"554" 1 0.962216624685139 0.962216624685139
"555" 0.868 0.98547215496368 0.869249394673123
"556" 1 0.967581047381546 0.967581047381546
"557" 1 0.878787878787879 0.878787878787879
"558" 1 0.96029776674938 0.96029776674938
"559" 1 0.721227621483376 0.721227621483376
"560" 1 0.963060686015831 0.963060686015831
"561" 0.934 0.990407673860911 0.928057553956835
"562" 1 0.959697732997481 0.959697732997481
"563" 1 0.908629441624365 0.908629441624365
"564" 1 0.880102040816326 0.880102040816326
"565" 1 0.982587064676617 0.982587064676617
"566" 0.936 0.962686567164179 0.900497512437811
"567" 1 0.950248756218905 0.950248756218905
"568" 1 0.972568578553616 0.972568578553616
"569" 1 0.931122448979592 0.931122448979592
"570" 1 0.984334203655353 0.984334203655353
"571" 0.94 0.966666666666667 0.907142857142857
"572" 1 0.987531172069825 0.987531172069825
"573" 1 1 1
"574" 1 0.935483870967742 0.935483870967742
"575" 1 0.840314136125654 0.840314136125654
"576" 0.77 0.959287531806616 0.740458015267176
"577" 0.582 0.946700507614213 0.548223350253807
"578" 1 0.987309644670051 0.987309644670051
"579" 1 0.912371134020619 0.912371134020619
"580" 1 0.968292682926829 0.968292682926829
"581" 1 0.980769230769231 0.980769230769231
"582" 1 0.940594059405941 0.940594059405941
"583" 1 0.98019801980198 0.98019801980198
"584" 1 0.934673366834171 0.934673366834171
"585" 1 0.948320413436692 0.948320413436692
"586" 1 0.902985074626866 0.902985074626866
"587" 1 0.956937799043062 0.956937799043062
"588" 1 0.9 0.9
"589" 1 1 1
"590" 1 0.9064039408867 0.9064039408867
"591" 1 0.858227848101266 0.858227848101266
"592" 1 0.957393483709273 0.957393483709273
"593" 1 0.926767676767677 0.926767676767677
"594" 0.962 0.957920792079208 0.913366336633663
"595" 0.85 0.984415584415584 0.833766233766234
"596" 1 0.829081632653061 0.829081632653061
"597" 1 0.902010050251256 0.902010050251256
"598" 1 0.8925 0.8925
"599" 1 1 1
"600" 1 0.962025316455696 0.962025316455696
"601" 1 0.798507462686567 0.798507462686567
"602" 1 0.988038277511962 0.988038277511962
"603" 0.936 0.972568578553616 0.920199501246883
"604" 1 0.905940594059406 0.905940594059406
"605" 1 0.971052631578947 0.971052631578947
"606" 1 0.95049504950495 0.95049504950495
"607" 1 0.869674185463659 0.869674185463659
"608" 1 0.856079404466501 0.856079404466501
"609" 0.92 0.90625 0.833333333333333
"610" 1 0.982968369829684 0.982968369829684
"611" 1 0.907090464547677 0.907090464547677
"612" 1 0.977722772277228 0.977722772277228
"613" 1 0.980099502487562 0.980099502487562
"614" 0.852 0.957816377171216 0.823821339950372
"615" 1 0.977667493796526 0.977667493796526
"616" 1 0.856435643564356 0.856435643564356
"617" 1 0.904145077720207 0.904145077720207
"618" 0.814 0.948402948402948 0.776412776412776
"619" 0.862 0.898701298701299 0.776623376623377
"620" 1 0.97841726618705 0.97841726618705
"621" 1 0.925373134328358 0.925373134328358
"622" 1 0.992481203007519 0.992481203007519
"623" 1 0.81592039800995 0.81592039800995
"624" 1 0.995 0.995
"625" 0.928 0.966580976863753 0.884318766066838
"626" 1 0.992537313432836 0.992537313432836
"627" 1 0.973105134474328 0.973105134474328
"628" 1 0.926395939086294 0.926395939086294
"629" 1 0.972772277227723 0.972772277227723
"630" 1 0.874015748031496 0.874015748031496
"631" 1 0.926582278481013 0.926582278481013
"632" 1 0.992248062015504 0.992248062015504
"633" 1 0.879093198992443 0.879093198992443
"634" 1 0.96039603960396 0.96039603960396
"635" 0.93 0.997536945812808 0.926108374384236
"636" 1 0.925742574257426 0.925742574257426
"637" 1 0.89 0.89
"638" 1 0.974117647058824 0.974117647058824
"639" 1 0.966019417475728 0.966019417475728
"640" 0.538 0.928217821782178 0.507425742574257
"641" 1 0.920792079207921 0.920792079207921
"642" 0.832 0.995098039215686 0.821078431372549
"643" 1 0.970443349753695 0.970443349753695
"644" 1 0.94300518134715 0.94300518134715
"645" 1 0.925449871465296 0.925449871465296
"646" 1 0.957816377171216 0.957816377171216
"647" 1 0.908415841584158 0.908415841584158
"648" 1 0.884711779448622 0.884711779448622
"649" 1 0.966921119592875 0.966921119592875
"650" 0.62 0.959183673469388 0.591836734693878
"651" 1 0.972431077694236 0.972431077694236
"652" 1 0.890243902439024 0.890243902439024
"653" 1 0.875968992248062 0.875968992248062
"654" 1 0.937007874015748 0.937007874015748
"655" 0.974 0.948402948402948 0.921375921375921
"656" 1 0.942857142857143 0.942857142857143
"657" 1 0.995110024449878 0.995110024449878
"658" 1 0.957070707070707 0.957070707070707
"659" 1 0.953545232273839 0.953545232273839
"660" 1 0.942786069651741 0.942786069651741
"661" 1 0.85929648241206 0.85929648241206
"662" 1 0.871670702179177 0.871670702179177
"663" 1 0.968369829683698 0.968369829683698
"664" 1 0.965686274509804 0.965686274509804
"665" 1 0.900232018561485 0.900232018561485
"666" 1 0.942643391521197 0.942643391521197
"667" 1 0.972292191435768 0.972292191435768
"668" 1 0.818615751789976 0.818615751789976
"669" 1 0.964556962025316 0.964556962025316
"670" 1 0.907542579075426 0.907542579075426
"671" 1 0.944584382871537 0.944584382871537
"672" 1 0.907035175879397 0.907035175879397
"673" 1 0.891687657430731 0.891687657430731
"674" 0.712 0.942643391521197 0.673316708229426
"675" 0.792 0.743718592964824 0.580402010050251
"676" 1 0.917948717948718 0.917948717948718
"677" 1 0.909313725490196 0.909313725490196
"678" 1 0.938461538461538 0.938461538461538
"679" 1 0.904522613065327 0.904522613065327
"680" 1 0.916049382716049 0.916049382716049
"681" 0.992 0.967418546365915 0.959899749373434
"682" 0.618 0.987623762376238 0.611386138613861
"683" 1 1 1
"684" 1 0.947236180904523 0.947236180904523
"685" 1 0.864197530864197 0.864197530864197
"686" 0.96 0.982323232323232 0.939393939393939
"687" 1 0.948780487804878 0.948780487804878
"688" 1 0.933673469387755 0.933673469387755
"689" 1 0.890274314214464 0.890274314214464
"690" 1 0.89 0.89
"691" 1 0.93733681462141 0.93733681462141
"692" 0.882 0.85956416464891 0.753026634382567
"693" 1 0.920792079207921 0.920792079207921
"694" 1 0.875 0.875
"695" 1 0.982587064676617 0.982587064676617
"696" 1 0.913705583756345 0.913705583756345
"697" 1 0.933002481389578 0.933002481389578
"698" 1 0.90379746835443 0.90379746835443
"699" 1 0.990338164251208 0.990338164251208
"700" 1 0.868811881188119 0.868811881188119
"701" 1 0.954659949622166 0.954659949622166
"702" 1 0.995 0.995
"703" 1 0.965087281795511 0.965087281795511
"704" 1 0.845569620253165 0.845569620253165
"705" 1 0.978622327790974 0.978622327790974
"706" 1 0.853598014888337 0.853598014888337
"707" 1 0.997506234413965 0.997506234413965
"708" 1 0.924242424242424 0.924242424242424
"709" 0.888 0.963350785340314 0.837696335078534
"710" 1 0.995169082125604 0.995169082125604
"711" 1 0.964912280701754 0.964912280701754
"712" 1 0.957070707070707 0.957070707070707
"713" 1 0.925925925925926 0.925925925925926
"714" 1 0.97029702970297 0.97029702970297
"715" 1 1 1
"716" 1 0.958041958041958 0.958041958041958
"717" 0.654 0.933333333333333 0.609876543209876
"718" 1 0.984732824427481 0.984732824427481
"719" 1 0.986842105263158 0.986842105263158
"720" 0.876 0.860759493670886 0.754430379746835
"721" 1 0.886699507389163 0.886699507389163
"722" 1 0.997435897435897 0.997435897435897
"723" 1 0.992405063291139 0.992405063291139
"724" 1 0.987893462469734 0.987893462469734
"725" 0.948 0.671462829736211 0.637889688249401
"726" 1 0.987623762376238 0.987623762376238
"727" 1 0.953964194373402 0.953964194373402
"728" 1 0.994897959183674 0.994897959183674
"729" 0.92 0.934010152284264 0.845177664974619
"730" 1 0.869458128078818 0.869458128078818
"731" 1 0.858227848101266 0.858227848101266
"732" 1 0.990147783251232 0.990147783251232
"733" 1 0.908415841584158 0.908415841584158
"734" 1 0.893827160493827 0.893827160493827
"735" 0.864 0.923076923076923 0.807692307692308
"736" 0.958 0.957286432160804 0.922110552763819
"737" 1 0.936224489795918 0.936224489795918
"738" 1 0.980099502487562 0.980099502487562
"739" 1 0.982673267326733 0.982673267326733
"740" 0.732 0.950904392764858 0.713178294573643
"741" 1 0.964646464646465 0.964646464646465
"742" 1 0.936708860759494 0.936708860759494
"743" 0.86 0.970443349753695 0.827586206896552
"744" 1 1 1
"745" 1 0.928039702233251 0.928039702233251
"746" 0.94 0.919395465994962 0.866498740554156
"747" 1 0.850632911392405 0.850632911392405
"748" 1 0.827586206896552 0.827586206896552
"749" 0.896 0.987309644670051 0.913705583756345
"750" 1 0.977443609022556 0.977443609022556
"751" 1 0.912621359223301 0.912621359223301
"752" 1 0.846534653465347 0.846534653465347
"753" 1 0.984962406015038 0.984962406015038
"754" 0.81 0.936868686868687 0.755050505050505
"755" 1 0.848258706467662 0.848258706467662
"756" 0.848 0.974424552429668 0.818414322250639
"757" 1 0.977329974811083 0.977329974811083
"758" 1 0.880102040816326 0.880102040816326
"759" 1 1 1
"760" 1 0.907317073170732 0.907317073170732
"761" 1 0.961630695443645 0.961630695443645
"762" 0.874 0.860576923076923 0.745192307692308
"763" 1 0.9559902200489 0.9559902200489
"764" 1 0.693069306930693 0.693069306930693
"765" 1 0.854320987654321 0.854320987654321
"766" 1 0.895261845386534 0.895261845386534
"767" 0.782 0.915458937198068 0.722222222222222
"768" 1 0.774193548387097 0.774193548387097
"769" 1 0.983091787439614 0.983091787439614
"770" 0.758 0.853164556962025 0.660759493670886
"771" 1 0.894472361809045 0.894472361809045
"772" 1 0.969543147208122 0.969543147208122
"773" 0.764 0.95873786407767 0.735436893203884
"774" 1 0.897810218978102 0.897810218978102
"775" 0.828 0.883838383838384 0.742424242424242
"776" 1 0.947368421052632 0.947368421052632
"777" 1 0.994845360824742 0.994845360824742
"778" 1 0.942028985507246 0.942028985507246
"779" 1 0.961904761904762 0.961904761904762
"780" 1 0.935162094763092 0.935162094763092
"781" 1 0.953846153846154 0.953846153846154
"782" 1 0.967418546365915 0.967418546365915
"783" 1 0.946700507614213 0.946700507614213
"784" 1 0.9825 0.9825
"785" 1 0.944309927360775 0.944309927360775
"786" 1 0.903225806451613 0.903225806451613
"787" 0.794 0.954887218045113 0.744360902255639
"788" 0.78 0.987684729064039 0.770935960591133
"789" 1 0.668341708542714 0.668341708542714
"790" 0.77 0.959697732997481 0.730478589420655
"791" 1 0.964556962025316 0.964556962025316
"792" 0.966 0.958536585365854 0.924390243902439
"793" 1 0.913151364764268 0.913151364764268
"794" 1 0.915422885572139 0.915422885572139
"795" 1 0.964735516372796 0.964735516372796
"796" 1 0.81203007518797 0.81203007518797
"797" 1 0.908629441624365 0.908629441624365
"798" 1 0.955729166666667 0.955729166666667
"799" 1 0.970802919708029 0.970802919708029
"800" 1 0.997455470737914 0.997455470737914
"801" 1 0.987212276214834 0.987212276214834
"802" 1 0.918114143920596 0.918114143920596
"803" 1 0.992665036674817 0.992665036674817
"804" 1 0.987113402061856 0.987113402061856
"805" 0.798 0.83206106870229 0.674300254452926
"806" 1 0.914425427872861 0.914425427872861
"807" 1 0.942786069651741 0.942786069651741
"808" 1 0.896551724137931 0.896551724137931
"809" 1 0.78643216080402 0.78643216080402
"810" 1 1 1
"811" 1 0.994884910485934 0.994884910485934
"812" 0.848 0.950124688279302 0.825436408977556
"813" 1 0.9175 0.9175
"814" 1 0.89873417721519 0.89873417721519
"815" 0.65 0.980049875311721 0.653366583541147
"816" 1 0.815189873417722 0.815189873417722
"817" 0.732 0.926767676767677 0.664141414141414
"818" 1 0.877149877149877 0.877149877149877
"819" 1 0.923273657289003 0.923273657289003
"820" 0.826 0.907960199004975 0.758706467661692
"821" 1 0.898477157360406 0.898477157360406
"822" 1 0.9321608040201 0.9321608040201
"823" 1 0.977941176470588 0.977941176470588
"824" 1 0.895 0.895
"825" 1 0.828205128205128 0.828205128205128
"826" 0.828 0.958024691358025 0.787654320987654
"827" 1 0.99748743718593 0.99748743718593
"828" 1 0.97283950617284 0.97283950617284
"829" 1 0.95 0.95
"830" 1 0.975186104218362 0.975186104218362
"831" 1 0.965770171149144 0.965770171149144
"832" 0.688 0.916455696202532 0.635443037974683
"833" 1 0.948849104859335 0.948849104859335
"834" 1 0.97037037037037 0.97037037037037
"835" 1 0.948529411764706 0.948529411764706
"836" 1 0.98974358974359 0.98974358974359
"837" 1 0.906493506493506 0.906493506493506
"838" 1 0.916455696202532 0.916455696202532
"839" 1 0.960975609756098 0.960975609756098
"840" 0.992 0.99501246882793 0.99002493765586
"841" 0.964 0.902313624678663 0.868894601542416
"842" 1 0.8375 0.8375
"843" 0.788 0.964556962025316 0.749367088607595
"844" 0.918 0.943298969072165 0.865979381443299
"845" 1 0.99236641221374 0.99236641221374
"846" 1 0.952020202020202 0.952020202020202
"847" 1 0.912596401028278 0.912596401028278
"848" 1 0.973170731707317 0.973170731707317
"849" 1 0.913151364764268 0.913151364764268
"850" 0.73 0.895781637717122 0.642679900744417
"851" 1 0.994949494949495 0.994949494949495
"852" 1 0.995037220843672 0.995037220843672
"853" 1 0.925 0.925
"854" 1 0.941320293398533 0.941320293398533
"855" 1 0.9225 0.9225
"856" 0.576 0.997549019607843 0.583333333333333
"857" 1 0.957393483709273 0.957393483709273
"858" 0.902 0.954659949622166 0.869017632241814
"859" 1 0.987623762376238 0.987623762376238
"860" 1 0.967171717171717 0.967171717171717
"861" 1 0.99 0.99
"862" 1 0.990147783251232 0.990147783251232
"863" 1 0.922305764411028 0.922305764411028
"864" 1 0.94910941475827 0.94910941475827
"865" 1 0.989949748743719 0.989949748743719
"866" 1 0.923857868020305 0.923857868020305
"867" 1 0.9923273657289 0.9923273657289
"868" 0.83 0.913838120104439 0.772845953002611
"869" 1 0.960493827160494 0.960493827160494
"870" 0.818 0.967171717171717 0.795454545454545
"871" 1 0.923645320197044 0.923645320197044
"872" 1 0.946700507614213 0.946700507614213
"873" 1 0.973958333333333 0.973958333333333
"874" 1 0.924623115577889 0.924623115577889
"875" NA NA NA
"876" 1 0.892583120204604 0.892583120204604
"877" 1 0.927680798004987 0.927680798004987
"878" 1 0.992753623188406 0.992753623188406
"879" 1 0.958128078817734 0.958128078817734
"880" 1 0.930288461538462 0.930288461538462
"881" 1 0.831234256926952 0.831234256926952
"882" 1 0.965432098765432 0.965432098765432
"883" 1 0.987834549878346 0.987834549878346
"884" 1 0.858560794044665 0.858560794044665
"885" 0.69 0.951100244498778 0.660146699266504
"886" 1 0.961832061068702 0.961832061068702
"887" 1 0.951653944020356 0.951653944020356
"888" 1 0.964912280701754 0.964912280701754
"889" 1 0.964646464646465 0.964646464646465
"890" 1 0.96401028277635 0.96401028277635
"891" 1 0.857142857142857 0.857142857142857
"892" 0.674 0.921465968586387 0.615183246073298
"893" 0.844 0.979899497487437 0.831658291457286
"894" 1 0.96551724137931 0.96551724137931
"895" 1 0.891687657430731 0.891687657430731
"896" 0.84 0.925925925925926 0.785185185185185
"897" 0.964 0.878048780487805 0.841463414634146
"898" 1 0.797979797979798 0.797979797979798
"899" 0.858 0.977886977886978 0.832923832923833
"900" 1 0.897172236503856 0.897172236503856
"901" 1 0.909313725490196 0.909313725490196
"902" 1 0.911616161616162 0.911616161616162
"903" 1 0.920398009950249 0.920398009950249
"904" 1 0.909090909090909 0.909090909090909
"905" 1 0.985645933014354 0.985645933014354
"906" 1 0.908396946564885 0.908396946564885
"907" 1 0.866504854368932 0.866504854368932
"908" 1 0.997566909975669 0.997566909975669
"909" 1 0.997566909975669 0.997566909975669
"910" 0.74 0.994987468671679 0.724310776942356
"911" 1 0.903307888040712 0.903307888040712
"912" 0.82 0.967254408060453 0.780856423173804
"913" 1 0.994897959183674 0.994897959183674
"914" 1 0.855721393034826 0.855721393034826
"915" 1 0.879177377892031 0.879177377892031
"916" 1 0.745501285347044 0.745501285347044
"917" 1 0.957605985037406 0.957605985037406
"918" 1 0.776442307692308 0.776442307692308
"919" 0.788 0.914728682170543 0.741602067183463
"920" 1 0.9475 0.9475
"921" 1 0.873449131513648 0.873449131513648
"922" 1 0.885572139303483 0.885572139303483
"923" 1 0.935802469135802 0.935802469135802
"924" 1 0.958024691358025 0.958024691358025
"925" 1 0.919117647058823 0.919117647058823
"926" 1 0.974489795918367 0.974489795918367
"927" 1 0.921119592875318 0.921119592875318
"928" 1 0.943877551020408 0.943877551020408
"929" 1 0.945107398568019 0.945107398568019
"930" 1 0.837974683544304 0.837974683544304
"931" 1 0.977386934673367 0.977386934673367
"932" 1 0.902313624678663 0.902313624678663
"933" 0.86 0.841075794621027 0.71638141809291
"934" 1 0.947890818858561 0.947890818858561
"935" 1 0.930521091811414 0.930521091811414
"936" 1 0.804020100502513 0.804020100502513
"937" 0.836 0.930864197530864 0.77037037037037
"938" 1 0.946291560102302 0.946291560102302
"939" 1 0.906417112299465 0.906417112299465
"940" 1 0.944038929440389 0.944038929440389
"941" 1 0.955665024630542 0.955665024630542
"942" 1 0.977777777777778 0.977777777777778
"943" 1 0.837092731829574 0.837092731829574
"944" 1 0.9975 0.9975
"945" 1 0.940104166666667 0.940104166666667
"946" 1 0.962871287128713 0.962871287128713
"947" 0.942 0.890625 0.828125
"948" 1 0.841191066997519 0.841191066997519
"949" 1 0.992518703241895 0.992518703241895
"950" 1 0.987080103359173 0.987080103359173
"951" 1 0.91866028708134 0.91866028708134
"952" 1 0.712530712530713 0.712530712530713
"953" 1 0.977611940298508 0.977611940298508
"954" 1 0.979746835443038 0.979746835443038
"955" 1 0.925301204819277 0.925301204819277
"956" 1 0.930174563591022 0.930174563591022
"957" 1 0.987244897959184 0.987244897959184
"958" 1 0.9625 0.9625
"959" 0.856 0.964194373401535 0.841432225063939
"960" 1 0.907730673316708 0.907730673316708
"961" 1 0.936585365853659 0.936585365853659
"962" 0.836 0.96551724137931 0.807881773399015
"963" 1 0.791979949874687 0.791979949874687
"964" 0.84 0.977722772277228 0.826732673267327
"965" 1 0.762836185819071 0.762836185819071
"966" 1 0.943734015345269 0.943734015345269
"967" 1 0.919799498746867 0.919799498746867
"968" 1 0.902985074626866 0.902985074626866
"969" 1 0.99238578680203 0.99238578680203
"970" 0.92 0.978468899521531 0.897129186602871
"971" 1 0.982097186700767 0.982097186700767
"972" 1 0.949622166246851 0.949622166246851
"973" 1 0.865139949109415 0.865139949109415
"974" 0.814 0.995061728395062 0.792592592592593
"975" 1 0.901554404145078 0.901554404145078
"976" 1 0.838790931989924 0.838790931989924
"977" 1 0.933842239185751 0.933842239185751
"978" 1 0.956962025316456 0.956962025316456
"979" 0.682 0.88833746898263 0.602977667493797
"980" 1 0.907035175879397 0.907035175879397
"981" 1 0.949748743718593 0.949748743718593
"982" 1 0.793103448275862 0.793103448275862
"983" 1 0.903061224489796 0.903061224489796
"984" 0.894 0.969072164948454 0.865979381443299
"985" 1 0.912718204488778 0.912718204488778
"986" 1 0.87 0.87
"987" 0.974 0.840796019900497 0.818407960199005
"988" 1 0.970149253731343 0.970149253731343
"989" 0.968 0.990123456790123 0.960493827160494
"990" 1 0.959036144578313 0.959036144578313
"991" 1 0.987834549878346 0.987834549878346
"992" 1 0.955 0.955
"993" 1 0.980440097799511 0.980440097799511
"994" 1 0.960880195599022 0.960880195599022
"995" 0.7 0.95771144278607 0.666666666666667
"996" 1 0.927680798004987 0.927680798004987
"997" 1 0.984848484848485 0.984848484848485
"998" 1 0.992805755395683 0.992805755395683
"999" 1 0.959390862944162 0.959390862944162
"1000" 1 0.908641975308642 0.908641975308642
