"V1" "V2" "V3"
"1" NA NA NA
"2" 1 0.997757847533632 0.997757847533632
"3" NA NA NA
"4" NA NA NA
"5" 1 0.991895261845387 0.991895261845387
"6" 1 0.9738643434972 0.9738643434972
"7" 1 0.999376791723794 0.999376791723794
"8" 1 0.982987240430323 0.982987240430323
"9" NA NA NA
"10" 1 0.968295739348371 0.968295739348371
"11" 1 0.990132400699475 0.990132400699475
"12" 1 0.973258706467662 0.973258706467662
"13" NA NA NA
"14" 1 0.988382371511555 0.988382371511555
"15" 1 0.998601931875953 0.998601931875953
"16" 1 0.995019920318725 0.995019920318725
"17" NA NA NA
"18" 1 0.99095591006155 0.99095591006155
"19" 1 0.980679964872663 0.980679964872663
"20" 1 0.999502920342985 0.999502920342985
"21" 1 0.985395081762577 0.985395081762577
"22" 1 0.990688310054109 0.990688310054109
"23" 1 0.996392137347599 0.996392137347599
"24" 1 0.987397605545054 0.987397605545054
"25" 1 0.984025157232704 0.984025157232704
"26" 1 0.953809760956175 0.953809760956175
"27" 1 0.977669050307364 0.977669050307364
"28" 1 0.987665088462497 0.987665088462497
"29" 1 0.997619942377552 0.997619942377552
"30" 1 0.985648321477599 0.985648321477599
"31" 1 0.986520219670494 0.986520219670494
"32" 1 0.979367262723521 0.979367262723521
"33" 1 0.969396713909444 0.969396713909444
"34" 1 0.98849712428107 0.98849712428107
"35" 1 0.971117779444861 0.971117779444861
"36" NA NA NA
"37" 1 0.980367793240557 0.980367793240557
"38" 1 0.988138344362592 0.988138344362592
"39" 1 0.96503144654088 0.96503144654088
"40" 1 0.973381654586353 0.973381654586353
"41" 1 0.998251093066833 0.998251093066833
"42" 1 0.988644871474919 0.988644871474919
"43" 1 0.982951717272275 0.982951717272275
"44" 1 0.957260684828793 0.957260684828793
"45" 1 0.994395316975962 0.994395316975962
"46" 1 0.990003748594277 0.990003748594277
"47" 1 0.997379912663755 0.997379912663755
"48" NA NA NA
"49" 1 0.990936555891239 0.990936555891239
"50" 1 0.962792434046789 0.962792434046789
"51" 1 0.977315453064294 0.977315453064294
"52" 1 0.974084790539691 0.974084790539691
"53" 1 0.984878780304924 0.984878780304924
"54" 1 0.961215011924187 0.961215011924187
"55" 1 0.994272195243432 0.994272195243432
"56" 1 0.980617731649368 0.980617731649368
"57" 1 0.971432167128115 0.971432167128115
"58" 1 0.994998124296611 0.994998124296611
"59" 1 0.992171968190855 0.992171968190855
"60" 1 0.999000249937516 0.999000249937516
"61" 1 0.979744936234059 0.979744936234059
"62" 1 0.989120920345129 0.989120920345129
"63" 1 0.98498801564274 0.98498801564274
"64" 1 0.9886801841025 0.9886801841025
"65" 1 0.972218761679332 0.972218761679332
"66" 1 0.987174651075066 0.987174651075066
"67" 1 0.973351682722382 0.973351682722382
"68" 1 0.987830886965249 0.987830886965249
"69" 1 0.997629148989269 0.997629148989269
"70" 1 0.985908467389949 0.985908467389949
"71" 1 0.987861344012014 0.987861344012014
"72" 1 0.984550211811612 0.984550211811612
"73" 1 0.980598322693704 0.980598322693704
"74" 1 0.988570710876664 0.988570710876664
"75" 1 0.988775381510909 0.988775381510909
"76" 1 0.987104773713577 0.987104773713577
"77" 1 0.975393454908818 0.975393454908818
"78" 1 0.981815901680462 0.981815901680462
"79" 1 0.992525227357668 0.992525227357668
"80" 1 0.967629046369204 0.967629046369204
"81" 1 0.977292468048145 0.977292468048145
"82" 1 0.990315683561816 0.990315683561816
"83" 1 0.990384615384615 0.990384615384615
"84" 1 0.977403245942572 0.977403245942572
"85" 1 0.992265469061876 0.992265469061876
"86" NA NA NA
"87" 1 0.990360540811217 0.990360540811217
"88" 1 0.982903834066625 0.982903834066625
"89" 1 0.9955 0.9955
"90" 1 0.979535118746842 0.979535118746842
"91" 1 0.982737052789592 0.982737052789592
"92" 1 0.981859126735894 0.981859126735894
"93" 1 0.999493478536153 0.999493478536153
"94" 1 0.996371825347179 0.996371825347179
"95" 1 0.967452300785634 0.967452300785634
"96" 1 0.969776445610091 0.969776445610091
"97" 1 0.982737052789592 0.982737052789592
"98" 1 0.973060613619356 0.973060613619356
"99" 1 0.97038895859473 0.97038895859473
"100" 1 0.942950081321156 0.942950081321156
"101" 1 0.986278952668681 0.986278952668681
"102" 1 0.990817719320015 0.990817719320015
"103" 1 0.997875 0.997875
"104" 1 0.975370696154813 0.975370696154813
"105" 1 0.977170095333668 0.977170095333668
"106" 1 0.982084690553746 0.982084690553746
"107" 1 0.97475 0.97475
"108" 1 0.963873370577281 0.963873370577281
"109" 1 0.995961125836173 0.995961125836173
"110" 1 0.99386733416771 0.99386733416771
"111" 1 0.992968357609242 0.992968357609242
"112" 1 0.990243902439024 0.990243902439024
"113" 1 0.995741482965932 0.995741482965932
"114" 1 0.999505134232339 0.999505134232339
"115" 1 0.99649430324277 0.99649430324277
"116" 1 0.979775280898876 0.979775280898876
"117" 1 0.988954437052843 0.988954437052843
"118" 1 0.997636815920398 0.997636815920398
"119" NA NA NA
"120" 1 0.976352201257862 0.976352201257862
"121" 1 0.985614210657993 0.985614210657993
"122" 1 0.977699824605362 0.977699824605362
"123" 1 0.992795031055901 0.992795031055901
"124" 1 0.983806176249059 0.983806176249059
"125" NA NA NA
"126" 1 0.979384035197989 0.979384035197989
"127" 1 0.994236311239193 0.994236311239193
"128" 1 0.995978383812995 0.995978383812995
"129" 1 0.996748374187093 0.996748374187093
"130" 1 0.991211783636589 0.991211783636589
"131" 1 0.971758503828292 0.971758503828292
"132" 1 0.991465863453815 0.991465863453815
"133" 1 0.983887084686485 0.983887084686485
"134" 1 0.985521843132318 0.985521843132318
"135" 1 0.99361622230567 0.99361622230567
"136" 1 0.980478037792517 0.980478037792517
"137" 1 0.961703199798438 0.961703199798438
"138" 1 0.975667581731969 0.975667581731969
"139" 1 0.994380619380619 0.994380619380619
"140" 1 0.985842026825633 0.985842026825633
"141" 1 0.982017102615694 0.982017102615694
"142" 1 0.978776842898405 0.978776842898405
"143" 1 0.970757310672332 0.970757310672332
"144" 1 0.990575521487811 0.990575521487811
"145" 1 0.97603813825116 0.97603813825116
"146" 1 0.993972121059902 0.993972121059902
"147" 1 0.984746186546637 0.984746186546637
"148" 1 0.996119664538741 0.996119664538741
"149" 1 0.985319949811794 0.985319949811794
"150" 1 0.98631512868801 0.98631512868801
"151" 1 0.99297629499561 0.99297629499561
"152" 1 0.940727772914843 0.940727772914843
"153" 1 0.997495303694427 0.997495303694427
"154" 1 0.980538922155689 0.980538922155689
"155" 1 0.996882793017456 0.996882793017456
"156" NA NA NA
"157" 1 0.989868667917448 0.989868667917448
"158" NA NA NA
"159" 1 0.970755885997522 0.970755885997522
"160" 1 0.961523953225198 0.961523953225198
"161" 1 0.994014962593516 0.994014962593516
"162" 1 0.989235198397797 0.989235198397797
"163" 1 0.974384731290809 0.974384731290809
"164" 1 0.983965927596142 0.983965927596142
"165" 1 0.980004998750312 0.980004998750312
"166" 1 0.950230759635774 0.950230759635774
"167" 1 0.981722583875814 0.981722583875814
"168" 1 0.999005717126523 0.999005717126523
"169" 1 0.994385527136619 0.994385527136619
"170" NA NA NA
"171" 1 0.993002624015994 0.993002624015994
"172" 1 0.991514849014225 0.991514849014225
"173" 1 0.968464522587911 0.968464522587911
"174" 1 0.996404661542276 0.996404661542276
"175" 1 0.999749561733033 0.999749561733033
"176" 1 0.995224330777931 0.995224330777931
"177" 1 0.9995 0.9995
"178" 1 0.998512458162886 0.998512458162886
"179" 1 0.983210124044606 0.983210124044606
"180" 1 0.971322160148976 0.971322160148976
"181" 1 0.975308641975309 0.975308641975309
"182" 1 0.990219435736677 0.990219435736677
"183" 1 0.981883164900173 0.981883164900173
"184" 1 0.970369452020828 0.970369452020828
"185" NA NA NA
"186" 1 0.997748874437219 0.997748874437219
"187" 1 0.994137457901958 0.994137457901958
"188" NA NA NA
"189" 1 0.981900452488688 0.981900452488688
"190" 1 0.998619131308059 0.998619131308059
"191" 1 0.995751593152568 0.995751593152568
"192" 1 0.977139287945034 0.977139287945034
"193" 1 0.98464035964036 0.98464035964036
"194" 1 0.979016559221337 0.979016559221337
"195" 1 0.976642518111416 0.976642518111416
"196" 1 0.997873936968484 0.997873936968484
"197" 1 0.999379883418083 0.999379883418083
"198" 1 0.983553044569994 0.983553044569994
"199" 1 0.973527218493661 0.973527218493661
"200" 1 0.993405499564514 0.993405499564514
"201" 1 0.985640508880212 0.985640508880212
"202" 1 0.990945674044266 0.990945674044266
"203" 1 0.990818858560794 0.990818858560794
"204" 1 0.978675078864353 0.978675078864353
"205" 1 0.980881440099317 0.980881440099317
"206" 1 0.996013951170902 0.996013951170902
"207" 1 0.981442006269592 0.981442006269592
"208" 1 0.99584957866935 0.99584957866935
"209" 1 0.978470396795594 0.978470396795594
"210" 1 0.987529617159247 0.987529617159247
"211" 1 0.966103814884303 0.966103814884303
"212" NA NA NA
"213" 1 0.999251403618216 0.999251403618216
"214" 1 0.981198295312108 0.981198295312108
"215" NA NA NA
"216" 1 0.983840894965817 0.983840894965817
"217" 1 0.969418575383841 0.969418575383841
"218" 1 0.987771400049913 0.987771400049913
"219" 1 0.987894671159366 0.987894671159366
"220" 1 0.993991738640631 0.993991738640631
"221" 1 0.993972121059902 0.993972121059902
"222" 1 0.961500124595066 0.961500124595066
"223" 1 0.983529411764706 0.983529411764706
"224" 1 0.987058675713029 0.987058675713029
"225" 1 0.996126452580282 0.996126452580282
"226" 1 0.997337728194726 0.997337728194726
"227" 1 0.981426078284717 0.981426078284717
"228" 1 0.98572501878287 0.98572501878287
"229" 1 0.980827067669173 0.980827067669173
"230" 1 0.979363500745898 0.979363500745898
"231" 1 0.993077407174323 0.993077407174323
"232" 1 0.986220719027934 0.986220719027934
"233" 1 0.977887584928969 0.977887584928969
"234" 1 0.997024547483263 0.997024547483263
"235" 1 0.991822870801359 0.991822870801359
"236" 1 0.964722014460234 0.964722014460234
"237" NA NA NA
"238" 1 0.999374765537076 0.999374765537076
"239" 1 0.975265017667845 0.975265017667845
"240" NA NA NA
"241" 1 0.983542713567839 0.983542713567839
"242" 1 0.968816530995617 0.968816530995617
"243" 1 0.998865498550359 0.998865498550359
"244" 1 0.994732881866065 0.994732881866065
"245" 1 0.996983787859746 0.996983787859746
"246" 1 0.952165725047081 0.952165725047081
"247" 1 0.995780067022465 0.995780067022465
"248" 1 0.97025143141648 0.97025143141648
"249" 1 0.994340334549113 0.994340334549113
"250" 1 0.979229989868288 0.979229989868288
"251" 1 0.990060392551585 0.990060392551585
"252" 1 0.988547242624175 0.988547242624175
"253" 1 0.996099156914559 0.996099156914559
"254" 1 0.994616925388082 0.994616925388082
"255" 1 0.997111641341203 0.997111641341203
"256" 1 0.997019374068554 0.997019374068554
"257" 1 0.99676455948233 0.99676455948233
"258" 1 0.997888985471253 0.997888985471253
"259" 1 0.992392117735096 0.992392117735096
"260" 1 0.978521478521479 0.978521478521479
"261" 1 0.98947500313244 0.98947500313244
"262" 1 0.985705407085146 0.985705407085146
"263" 1 0.998750312421894 0.998750312421894
"264" 1 0.986990242682012 0.986990242682012
"265" 1 0.976761619190405 0.976761619190405
"266" 1 0.988920702103822 0.988920702103822
"267" 1 0.997873671044403 0.997873671044403
"268" 1 0.982905982905983 0.982905982905983
"269" 1 0.984457257458009 0.984457257458009
"270" 1 0.99753269183321 0.99753269183321
"271" 1 0.986045352604037 0.986045352604037
"272" 1 0.987716219603911 0.987716219603911
"273" 1 0.993596986817326 0.993596986817326
"274" 1 0.982842830306825 0.982842830306825
"275" 1 0.983006698089804 0.983006698089804
"276" 1 0.986147510295769 0.986147510295769
"277" 1 0.977501256913022 0.977501256913022
"278" 1 0.972864824309116 0.972864824309116
"279" 1 0.992515903704628 0.992515903704628
"280" 1 0.987951807228916 0.987951807228916
"281" 1 0.985782586814293 0.985782586814293
"282" 1 1 1
"283" 1 0.999500062492188 0.999500062492188
"284" 1 0.978112175102599 0.978112175102599
"285" 1 0.987641992260642 0.987641992260642
"286" 1 0.984339764470058 0.984339764470058
"287" 1 0.981139145640769 0.981139145640769
"288" NA NA NA
"289" 1 0.992451880739716 0.992451880739716
"290" 1 0.997603430877901 0.997603430877901
"291" 1 0.9842846366608 0.9842846366608
"292" 1 0.989108662994492 0.989108662994492
"293" 1 0.99813223757938 0.99813223757938
"294" 1 0.959295110449243 0.959295110449243
"295" 1 0.991080277502478 0.991080277502478
"296" 1 0.995135337408008 0.995135337408008
"297" 1 0.994105843992977 0.994105843992977
"298" 1 0.988347324896629 0.988347324896629
"299" 1 0.986325211337643 0.986325211337643
"300" 1 0.998500187476565 0.998500187476565
"301" 1 0.994858934169279 0.994858934169279
"302" 1 0.967149637771671 0.967149637771671
"303" 1 0.985310593800573 0.985310593800573
"304" 1 0.995115230460922 0.995115230460922
"305" 1 0.985011241568823 0.985011241568823
"306" 1 0.995171474557385 0.995171474557385
"307" 1 0.988590772316951 0.988590772316951
"308" 1 0.976723923325865 0.976723923325865
"309" 1 0.980037664783427 0.980037664783427
"310" 1 0.995998999749937 0.995998999749937
"311" 1 0.998247371056585 0.998247371056585
"312" 1 0.993357563604462 0.993357563604462
"313" 1 0.990154001514769 0.990154001514769
"314" 1 1 1
"315" 1 0.990046617109739 0.990046617109739
"316" NA NA NA
"317" 1 0.992851768246802 0.992851768246802
"318" 1 0.991724137931035 0.991724137931035
"319" 1 0.992777085927771 0.992777085927771
"320" 1 0.997011207970112 0.997011207970112
"321" 1 0.994248562140535 0.994248562140535
"322" 1 0.997522913054248 0.997522913054248
"323" 1 0.97990514228657 0.97990514228657
"324" 1 0.992232523177149 0.992232523177149
"325" 1 0.983787207093097 0.983787207093097
"326" 1 0.972115025519731 0.972115025519731
"327" 1 0.991084695393759 0.991084695393759
"328" 1 0.970428408947302 0.970428408947302
"329" 1 0.966670859011445 0.966670859011445
"330" 1 0.976386806596702 0.976386806596702
"331" 1 0.999374609130707 0.999374609130707
"332" NA NA NA
"333" 1 0.984306887532694 0.984306887532694
"334" 1 0.980833851897946 0.980833851897946
"335" 1 0.972333500250376 0.972333500250376
"336" NA NA NA
"337" 1 0.998128975926157 0.998128975926157
"338" 1 0.975305531057075 0.975305531057075
"339" 1 0.996896722939424 0.996896722939424
"340" 1 0.997885835095137 0.997885835095137
"341" NA NA NA
"342" 1 0.98999874984373 0.98999874984373
"343" 1 0.981355505165029 0.981355505165029
"344" 1 0.979355801517224 0.979355801517224
"345" 1 0.987692690203879 0.987692690203879
"346" 1 0.965233644859813 0.965233644859813
"347" NA NA NA
"348" 1 0.979772755649894 0.979772755649894
"349" 1 0.982567550740879 0.982567550740879
"350" 1 0.991848507649862 0.991848507649862
"351" 1 0.993861956657898 0.993861956657898
"352" 1 0.992316272152683 0.992316272152683
"353" 1 0.998377636340946 0.998377636340946
"354" 1 0.9618111705436 0.9618111705436
"355" 1 0.971845023047216 0.971845023047216
"356" 1 0.988895820336868 0.988895820336868
"357" 1 0.974974974974975 0.974974974974975
"358" 1 0.968328075709779 0.968328075709779
"359" 1 0.996877341993505 0.996877341993505
"360" 1 0.988336021838938 0.988336021838938
"361" 1 0.989672763468956 0.989672763468956
"362" 1 0.987556561085973 0.987556561085973
"363" 1 0.998878225102829 0.998878225102829
"364" 1 0.980193055033221 0.980193055033221
"365" 1 0.963813326678313 0.963813326678313
"366" 1 0.979143389199255 0.979143389199255
"367" 1 0.996614844533601 0.996614844533601
"368" 1 0.96930754834685 0.96930754834685
"369" 1 0.987626546681665 0.987626546681665
"370" 1 0.982896379525593 0.982896379525593
"371" 1 0.991176836087983 0.991176836087983
"372" 1 0.984398402396405 0.984398402396405
"373" 1 0.99650393307529 0.99650393307529
"374" 1 0.997381872584466 0.997381872584466
"375" 1 0.97728965003723 0.97728965003723
"376" 1 0.99275 0.99275
"377" 1 0.997630922693267 0.997630922693267
"378" NA NA NA
"379" 1 0.9884025439581 0.9884025439581
"380" 1 0.99324831207802 0.99324831207802
"381" 1 0.99389103603042 0.99389103603042
"382" 1 0.97986745029386 0.97986745029386
"383" 1 0.97997997997998 0.97997997997998
"384" 1 0.997118155619596 0.997118155619596
"385" 1 0.993118118118118 0.993118118118118
"386" 1 0.984087207116903 0.984087207116903
"387" 1 0.985367683841921 0.985367683841921
"388" 1 0.976125341954738 0.976125341954738
"389" 1 0.978241949521323 0.978241949521323
"390" 1 0.992895425651253 0.992895425651253
"391" 1 0.979890082438171 0.979890082438171
"392" 1 0.979463273277057 0.979463273277057
"393" 1 0.994480682388359 0.994480682388359
"394" NA NA NA
"395" 1 0.989677900758612 0.989677900758612
"396" 1 0.997029702970297 0.997029702970297
"397" 1 1 1
"398" 1 0.977008621766837 0.977008621766837
"399" 1 0.988101265822785 0.988101265822785
"400" 1 0.977897102897103 0.977897102897103
"401" 1 0.977170095333668 0.977170095333668
"402" 1 0.973058038524487 0.973058038524487
"403" 1 0.993260109835247 0.993260109835247
"404" 1 0.979701120797011 0.979701120797011
"405" 1 0.998759459124178 0.998759459124178
"406" 1 0.983512365725706 0.983512365725706
"407" 1 0.992240300375469 0.992240300375469
"408" 1 0.968285678611562 0.968285678611562
"409" 1 0.989769182782283 0.989769182782283
"410" 1 0.967600150696973 0.967600150696973
"411" 1 0.996635933217045 0.996635933217045
"412" 1 0.952744093011626 0.952744093011626
"413" 1 0.991493620215161 0.991493620215161
"414" 1 0.993870402802102 0.993870402802102
"415" 1 0.987707971194438 0.987707971194438
"416" 1 0.975624845335313 0.975624845335313
"417" 1 0.975958496773377 0.975958496773377
"418" 1 0.998260004971414 0.998260004971414
"419" 1 0.958448060075094 0.958448060075094
"420" 1 0.997610363476292 0.997610363476292
"421" 1 0.972204754118979 0.972204754118979
"422" 1 0.956831831831832 0.956831831831832
"423" NA NA NA
"424" 1 0.992749093636705 0.992749093636705
"425" 1 0.99598695761224 0.99598695761224
"426" 1 0.971813419805438 0.971813419805438
"427" 1 0.993608221581652 0.993608221581652
"428" 1 0.976546906187625 0.976546906187625
"429" 1 0.970985492746373 0.970985492746373
"430" 1 0.979472505598408 0.979472505598408
"431" 1 0.983610659326911 0.983610659326911
"432" 1 0.979596914655387 0.979596914655387
"433" 1 0.999249249249249 0.999249249249249
"434" 1 0.999001248439451 0.999001248439451
"435" 1 0.9875 0.9875
"436" 1 0.960630914826498 0.960630914826498
"437" 1 0.990909090909091 0.990909090909091
"438" 1 0.996887450199203 0.996887450199203
"439" 1 0.971672098270243 0.971672098270243
"440" 1 0.951112778194549 0.951112778194549
"441" 1 0.984665253709014 0.984665253709014
"442" 1 0.991008991008991 0.991008991008991
"443" 1 0.979863269111249 0.979863269111249
"444" 1 0.983844911147011 0.983844911147011
"445" 1 0.982624024175271 0.982624024175271
"446" 1 0.990700012567551 0.990700012567551
"447" NA NA NA
"448" 1 0.980169618358693 0.980169618358693
"449" 1 0.996980752295886 0.996980752295886
"450" 1 0.995761655447519 0.995761655447519
"451" 1 0.97638385605398 0.97638385605398
"452" 1 0.999627329192547 0.999627329192547
"453" NA NA NA
"454" 1 0.996884735202492 0.996884735202492
"455" 1 0.997877917862938 0.997877917862938
"456" 1 0.981834126785267 0.981834126785267
"457" 1 0.982923154193872 0.982923154193872
"458" 1 0.997379258704605 0.997379258704605
"459" 1 0.992573945877911 0.992573945877911
"460" 1 0.980276381909548 0.980276381909548
"461" 1 0.990913679959616 0.990913679959616
"462" 1 0.993628981886321 0.993628981886321
"463" 1 0.984675292048738 0.984675292048738
"464" 1 0.996259351620948 0.996259351620948
"465" NA NA NA
"466" 1 0.997359818959014 0.997359818959014
"467" 1 0.972989871201701 0.972989871201701
"468" 1 0.989152119700748 0.989152119700748
"469" 1 0.996618659987477 0.996618659987477
"470" 1 0.9866099361782 0.9866099361782
"471" 1 0.977093503567405 0.977093503567405
"472" 1 0.995291785404535 0.995291785404535
"473" 1 0.991911021233569 0.991911021233569
"474" 1 0.968210262828536 0.968210262828536
"475" NA NA NA
"476" 1 0.991480831871711 0.991480831871711
"477" 1 0.976648351648352 0.976648351648352
"478" 1 0.990488110137672 0.990488110137672
"479" 1 0.98832098455356 0.98832098455356
"480" 1 0.996496934817966 0.996496934817966
"481" 1 0.975009371485693 0.975009371485693
"482" 1 0.98860116466361 0.98860116466361
"483" 1 0.993901664337441 0.993901664337441
"484" 1 0.973288186606471 0.973288186606471
"485" 1 0.994770265222264 0.994770265222264
"486" 1 0.992452830188679 0.992452830188679
"487" NA NA NA
"488" 1 0.993371685842921 0.993371685842921
"489" 1 0.992947991436847 0.992947991436847
"490" 1 0.982142857142857 0.982142857142857
"491" 1 0.997755051134946 0.997755051134946
"492" 1 0.998630989421282 0.998630989421282
"493" 1 0.976648863495218 0.976648863495218
"494" 1 0.980120030007502 0.980120030007502
"495" 1 0.979818113865703 0.979818113865703
"496" 1 0.993842674038703 0.993842674038703
"497" 1 0.980597014925373 0.980597014925373
"498" 1 0.984458535372373 0.984458535372373
"499" 1 0.986032465081163 0.986032465081163
"500" 1 0.995143212951432 0.995143212951432
"501" 1 0.99525 0.99525
"502" 1 0.988957816377171 0.988957816377171
"503" 1 0.968973747016706 0.968973747016706
"504" 1 0.977716917714428 0.977716917714428
"505" 1 0.993172790466733 0.993172790466733
"506" 1 0.972637128153634 0.972637128153634
"507" 1 0.996764962050516 0.996764962050516
"508" 1 0.987789683528532 0.987789683528532
"509" 1 0.982192124404314 0.982192124404314
"510" 1 0.975524909926699 0.975524909926699
"511" 1 0.990095332425405 0.990095332425405
"512" 1 0.996768982229402 0.996768982229402
"513" 1 0.993888750311798 0.993888750311798
"514" 1 0.996870305458187 0.996870305458187
"515" 1 0.991577624135764 0.991577624135764
"516" 1 0.991622905726432 0.991622905726432
"517" 1 0.980037429819089 0.980037429819089
"518" 1 0.971357098186367 0.971357098186367
"519" 1 0.998492840994725 0.998492840994725
"520" 1 0.963179499937803 0.963179499937803
"521" 1 0.986425902864259 0.986425902864259
"522" 1 0.959439345075664 0.959439345075664
"523" 1 0.99900485134967 0.99900485134967
"524" NA NA NA
"525" 1 0.997245179063361 0.997245179063361
"526" 1 0.982717595491547 0.982717595491547
"527" 1 0.993028756379933 0.993028756379933
"528" 1 0.994532123772835 0.994532123772835
"529" 1 0.975502512562814 0.975502512562814
"530" 1 0.977360850531582 0.977360850531582
"531" 1 0.990609740828847 0.990609740828847
"532" NA NA NA
"533" 1 0.995883747037545 0.995883747037545
"534" 1 0.995771670190275 0.995771670190275
"535" 1 0.981824971990539 0.981824971990539
"536" 1 0.998252621068397 0.998252621068397
"537" 1 0.980227756225754 0.980227756225754
"538" 1 0.996370917281942 0.996370917281942
"539" 1 0.9971224821719 0.9971224821719
"540" 1 0.992651637812928 0.992651637812928
"541" 1 0.98162403774522 0.98162403774522
"542" 1 0.998486377396569 0.998486377396569
"543" 1 0.988522954091816 0.988522954091816
"544" 1 0.9939706067077 0.9939706067077
"545" 1 0.986488161646213 0.986488161646213
"546" 1 0.997381219603442 0.997381219603442
"547" 1 0.991770573566085 0.991770573566085
"548" 1 0.981949458483754 0.981949458483754
"549" 1 0.9940305932098 0.9940305932098
"550" 1 0.999622688969941 0.999622688969941
"551" 1 0.938216243148979 0.938216243148979
"552" 1 0.965538691216721 0.965538691216721
"553" 1 0.985436283741368 0.985436283741368
"554" 1 0.977838988356079 0.977838988356079
"555" 1 0.986959247648903 0.986959247648903
"556" 1 0.988261738261738 0.988261738261738
"557" 1 0.991172448091508 0.991172448091508
"558" 1 0.997758405977584 0.997758405977584
"559" 1 0.985926018184083 0.985926018184083
"560" 1 0.973851326111319 0.973851326111319
"561" 1 0.984804721838503 0.984804721838503
"562" 1 0.993039154754506 0.993039154754506
"563" 1 0.986354531797696 0.986354531797696
"564" 1 0.992259865499302 0.992259865499302
"565" 1 0.994255744255744 0.994255744255744
"566" 1 0.98511755877939 0.98511755877939
"567" 1 0.986885245901639 0.986885245901639
"568" 1 0.986969471332837 0.986969471332837
"569" 1 0.974436090225564 0.974436090225564
"570" 1 0.983639822447685 0.983639822447685
"571" 1 0.983716594157862 0.983716594157862
"572" 1 0.993492679264172 0.993492679264172
"573" 1 0.999123904881101 0.999123904881101
"574" 1 0.979353233830846 0.979353233830846
"575" NA NA NA
"576" 1 0.985371342835709 0.985371342835709
"577" 1 0.989140042934714 0.989140042934714
"578" 1 0.991309823677582 0.991309823677582
"579" 1 0.982185125202442 0.982185125202442
"580" 1 0.985512723607962 0.985512723607962
"581" 1 0.993512974051896 0.993512974051896
"582" 1 0.983854818523154 0.983854818523154
"583" 1 0.999874765184721 0.999874765184721
"584" 1 0.959107343224037 0.959107343224037
"585" 1 0.992152466367713 0.992152466367713
"586" 1 0.993592964824121 0.993592964824121
"587" 1 0.998510981511354 0.998510981511354
"588" 1 0.990719839478304 0.990719839478304
"589" 1 0.996277915632754 0.996277915632754
"590" 1 0.9975 0.9975
"591" NA NA NA
"592" 1 0.97504367357125 0.97504367357125
"593" 1 0.994509608185675 0.994509608185675
"594" 1 0.994269340974212 0.994269340974212
"595" 1 0.982931726907631 0.982931726907631
"596" 1 0.980348258706468 0.980348258706468
"597" 1 0.987628092976756 0.987628092976756
"598" 1 0.991136079900125 0.991136079900125
"599" 1 0.97700287464067 0.97700287464067
"600" 1 0.990183740246665 0.990183740246665
"601" 1 0.995644057249533 0.995644057249533
"602" NA NA NA
"603" 1 0.998498874155617 0.998498874155617
"604" 1 0.99900435594275 0.99900435594275
"605" 1 0.990470219435737 0.990470219435737
"606" 1 0.997625 0.997625
"607" 1 0.990547263681592 0.990547263681592
"608" 1 0.97956369107322 0.97956369107322
"609" 1 0.984117058529265 0.984117058529265
"610" 1 0.999377799900448 0.999377799900448
"611" 1 0.993142144638404 0.993142144638404
"612" 1 0.98927680798005 0.98927680798005
"613" 1 0.978533316788683 0.978533316788683
"614" 1 0.983078465780897 0.983078465780897
"615" 1 0.994026135656503 0.994026135656503
"616" 1 0.998745137407454 0.998745137407454
"617" 1 0.969209501068242 0.969209501068242
"618" 1 0.988827516947025 0.988827516947025
"619" 1 0.978397728675472 0.978397728675472
"620" 1 0.990396607632826 0.990396607632826
"621" 1 0.994656393687088 0.994656393687088
"622" 1 0.993031358885017 0.993031358885017
"623" 1 0.951996020395473 0.951996020395473
"624" 1 0.990467937608319 0.990467937608319
"625" 1 0.991008991008991 0.991008991008991
"626" 1 0.982140626951417 0.982140626951417
"627" 1 0.985787308315671 0.985787308315671
"628" 1 0.99485054006531 0.99485054006531
"629" 1 0.986833855799373 0.986833855799373
"630" 1 0.994379215588309 0.994379215588309
"631" 1 0.982678549014686 0.982678549014686
"632" 1 0.995148650329643 0.995148650329643
"633" 1 0.9733232666415 0.9733232666415
"634" 1 0.981476846057572 0.981476846057572
"635" 1 0.98976023976024 0.98976023976024
"636" 1 0.966624843161857 0.966624843161857
"637" 1 0.97938662644545 0.97938662644545
"638" NA NA NA
"639" 1 0.99824517422913 0.99824517422913
"640" 1 0.98830923947203 0.98830923947203
"641" 1 0.991617665457275 0.991617665457275
"642" 1 0.993008739076155 0.993008739076155
"643" NA NA NA
"644" 1 0.95923201595811 0.95923201595811
"645" 1 0.995735072754641 0.995735072754641
"646" 1 0.988595062037849 0.988595062037849
"647" 1 0.983366434955313 0.983366434955313
"648" 1 0.989481499814379 0.989481499814379
"649" 1 0.993918662105663 0.993918662105663
"650" 1 0.994622311155578 0.994622311155578
"651" 1 0.998395259844464 0.998395259844464
"652" 1 1 1
"653" 1 0.994391824526421 0.994391824526421
"654" 1 0.987305178481649 0.987305178481649
"655" 1 0.994976136649083 0.994976136649083
"656" 1 0.976575222347488 0.976575222347488
"657" 1 0.998868209255533 0.998868209255533
"658" 1 0.987365291713118 0.987365291713118
"659" 1 0.95358387257342 0.95358387257342
"660" NA NA NA
"661" 1 0.999247365780231 0.999247365780231
"662" NA NA NA
"663" 1 0.982921009669723 0.982921009669723
"664" 1 0.995634821651285 0.995634821651285
"665" 1 0.98486175403478 0.98486175403478
"666" NA NA NA
"667" 1 0.99773413897281 0.99773413897281
"668" 1 0.971913618774185 0.971913618774185
"669" 1 0.984854127870888 0.984854127870888
"670" 1 0.972592500311449 0.972592500311449
"671" 1 0.968105065666041 0.968105065666041
"672" 1 0.990687138182733 0.990687138182733
"673" 1 0.99425 0.99425
"674" 1 0.997242762250909 0.997242762250909
"675" 1 0.989524878413767 0.989524878413767
"676" 1 0.98883172292634 0.98883172292634
"677" 1 0.988026939386381 0.988026939386381
"678" NA NA NA
"679" 1 0.99650393307529 0.99650393307529
"680" 1 0.981929212362911 0.981929212362911
"681" 1 0.994046142396428 0.994046142396428
"682" 1 0.988600776650382 0.988600776650382
"683" 1 0.985799701046338 0.985799701046338
"684" 1 0.982767232767233 0.982767232767233
"685" 1 0.992533598805376 0.992533598805376
"686" 1 0.995902657064813 0.995902657064813
"687" 1 0.964485981308411 0.964485981308411
"688" 1 0.983661344225771 0.983661344225771
"689" 1 0.977176353205288 0.977176353205288
"690" 1 0.978878551672115 0.978878551672115
"691" 1 0.991689407095014 0.991689407095014
"692" 1 0.978875895888344 0.978875895888344
"693" 1 0.988613360323887 0.988613360323887
"694" NA NA NA
"695" 1 0.985989492119089 0.985989492119089
"696" 1 0.999625655103569 0.999625655103569
"697" 1 0.999377722464219 0.999377722464219
"698" 1 0.975046554934823 0.975046554934823
"699" 1 0.99475 0.99475
"700" 1 0.983565737051793 0.983565737051793
"701" 1 0.999374687343672 0.999374687343672
"702" 1 0.983433734939759 0.983433734939759
"703" 1 0.983647175421209 0.983647175421209
"704" 1 0.994620292756162 0.994620292756162
"705" 1 0.983324974924774 0.983324974924774
"706" 1 0.98046534776658 0.98046534776658
"707" 1 0.993951612903226 0.993951612903226
"708" 1 0.979925187032419 0.979925187032419
"709" 1 0.992245153220763 0.992245153220763
"710" 1 0.987523393636931 0.987523393636931
"711" 1 0.975637041640771 0.975637041640771
"712" 1 0.991141609482221 0.991141609482221
"713" 1 0.990338770388959 0.990338770388959
"714" 1 0.990545821252994 0.990545821252994
"715" 1 1 1
"716" NA NA NA
"717" 1 0.997885572139304 0.997885572139304
"718" 1 0.992826579411024 0.992826579411024
"719" 1 0.980168193799423 0.980168193799423
"720" 1 0.967153284671533 0.967153284671533
"721" 1 0.993250843644544 0.993250843644544
"722" 1 0.985349361382419 0.985349361382419
"723" 1 0.983740846468909 0.983740846468909
"724" 1 0.961885656970913 0.961885656970913
"725" 1 0.998377636340946 0.998377636340946
"726" 1 0.996006489454636 0.996006489454636
"727" 1 0.990783410138249 0.990783410138249
"728" 1 0.997733568370687 0.997733568370687
"729" 1 0.985087719298246 0.985087719298246
"730" NA NA NA
"731" 1 0.973713716207799 0.973713716207799
"732" NA NA NA
"733" 1 0.971106941838649 0.971106941838649
"734" 1 0.963572854291417 0.963572854291417
"735" 1 0.999874953107415 0.999874953107415
"736" 1 0.984611535093207 0.984611535093207
"737" 1 0.982319749216301 0.982319749216301
"738" 1 0.97103601930932 0.97103601930932
"739" 1 0.97774165311992 0.97774165311992
"740" 1 0.99389332003988 0.99389332003988
"741" 1 0.987743871935968 0.987743871935968
"742" 1 0.993788032454361 0.993788032454361
"743" NA NA NA
"744" 1 0.940281760379005 0.940281760379005
"745" 1 0.989530100959741 0.989530100959741
"746" 1 0.996515679442509 0.996515679442509
"747" 1 0.988494247123562 0.988494247123562
"748" 1 0.982405789867731 0.982405789867731
"749" 1 0.968902210565755 0.968902210565755
"750" 1 0.959130434782609 0.959130434782609
"751" 1 0.997622325115755 0.997622325115755
"752" 1 0.979680877586637 0.979680877586637
"753" 1 0.995368052078117 0.995368052078117
"754" 1 0.978661980670265 0.978661980670265
"755" 1 0.97970297029703 0.97970297029703
"756" 1 0.966406346845172 0.966406346845172
"757" 1 0.958511979823455 0.958511979823455
"758" 1 0.981030150753769 0.981030150753769
"759" 1 0.993623405851463 0.993623405851463
"760" NA NA NA
"761" NA NA NA
"762" 1 0.9967585089141 0.9967585089141
"763" 1 0.986135398451162 0.986135398451162
"764" NA NA NA
"765" 1 0.975 0.975
"766" 1 0.960560911481157 0.960560911481157
"767" 1 0.993501624593851 0.993501624593851
"768" NA NA NA
"769" 1 0.993784959602237 0.993784959602237
"770" 1 0.988383712215838 0.988383712215838
"771" 1 0.978247280910114 0.978247280910114
"772" 1 0.980670264842475 0.980670264842475
"773" 1 0.989008243817137 0.989008243817137
"774" 1 0.993056432268653 0.993056432268653
"775" 1 0.992706237424547 0.992706237424547
"776" 1 0.994363021420519 0.994363021420519
"777" NA NA NA
"778" 1 0.990270674816016 0.990270674816016
"779" 1 0.988738738738739 0.988738738738739
"780" 1 0.974699398797595 0.974699398797595
"781" 1 0.994838872104733 0.994838872104733
"782" 1 0.950878942775215 0.950878942775215
"783" NA NA NA
"784" 1 0.98417445482866 0.98417445482866
"785" 1 0.971676737160121 0.971676737160121
"786" 1 0.993838802967434 0.993838802967434
"787" 1 0.980564263322884 0.980564263322884
"788" 1 0.999500935745477 0.999500935745477
"789" 1 0.980235176382287 0.980235176382287
"790" 1 0.982162903829363 0.982162903829363
"791" 1 0.99350081239845 0.99350081239845
"792" 1 0.999875171638996 0.999875171638996
"793" NA NA NA
"794" 1 0.97475 0.97475
"795" 1 0.997745208568207 0.997745208568207
"796" 1 0.988276378149164 0.988276378149164
"797" NA NA NA
"798" 1 0.98882891929208 0.98882891929208
"799" 1 0.979721323712366 0.979721323712366
"800" 1 0.975496355868309 0.975496355868309
"801" 1 0.983002124734408 0.983002124734408
"802" 1 0.979477611940298 0.979477611940298
"803" 1 0.996253746253746 0.996253746253746
"804" 1 0.993260950954699 0.993260950954699
"805" 1 0.989185110663984 0.989185110663984
"806" 1 0.987939698492462 0.987939698492462
"807" 1 0.964512514008218 0.964512514008218
"808" 1 0.991905354919054 0.991905354919054
"809" 1 0.982855712676761 0.982855712676761
"810" 1 0.995717344753747 0.995717344753747
"811" 1 0.983482536880595 0.983482536880595
"812" 1 0.995995995995996 0.995995995995996
"813" 1 0.989981214777708 0.989981214777708
"814" 1 0.989047915370255 0.989047915370255
"815" 1 0.998621381125454 0.998621381125454
"816" 1 0.949937733499377 0.949937733499377
"817" 1 0.963816201327157 0.963816201327157
"818" 1 0.998626202073186 0.998626202073186
"819" 1 0.97990514228657 0.97990514228657
"820" 1 0.989753842309134 0.989753842309134
"821" 1 0.999875140466975 0.999875140466975
"822" 1 0.995121341005754 0.995121341005754
"823" 1 0.997257883584694 0.997257883584694
"824" 1 0.986441099639259 0.986441099639259
"825" 1 0.983118669501063 0.983118669501063
"826" 1 0.975147483368897 0.975147483368897
"827" 1 0.993596986817326 0.993596986817326
"828" 1 0.996013454590756 0.996013454590756
"829" 1 0.984363272454341 0.984363272454341
"830" 1 0.979120059656972 0.979120059656972
"831" 1 0.980701754385965 0.980701754385965
"832" 1 0.994329637096774 0.994329637096774
"833" 1 0.987915407854985 0.987915407854985
"834" 1 0.994251437140715 0.994251437140715
"835" 1 0.973398276508055 0.973398276508055
"836" 1 0.993378310844578 0.993378310844578
"837" 1 0.984960521368593 0.984960521368593
"838" 1 0.980220330495744 0.980220330495744
"839" 1 0.979892593980267 0.979892593980267
"840" 1 0.990736104156234 0.990736104156234
"841" 1 0.992784274695198 0.992784274695198
"842" 1 0.985680488108579 0.985680488108579
"843" 1 0.992254840724547 0.992254840724547
"844" 1 0.994016454749439 0.994016454749439
"845" 1 0.97710020242915 0.97710020242915
"846" 1 0.987256371814093 0.987256371814093
"847" 1 0.978494623655914 0.978494623655914
"848" 1 0.970529718975379 0.970529718975379
"849" 1 0.997979797979798 0.997979797979798
"850" 1 0.992601880877743 0.992601880877743
"851" 1 0.958605938600906 0.958605938600906
"852" 1 0.983846918489066 0.983846918489066
"853" 1 0.994635728542914 0.994635728542914
"854" 1 0.99486086738531 0.99486086738531
"855" 1 0.999874529485571 0.999874529485571
"856" NA NA NA
"857" 1 0.985820052704229 0.985820052704229
"858" 1 0.993617021276596 0.993617021276596
"859" 1 0.991075917546506 0.991075917546506
"860" 1 0.995510662177329 0.995510662177329
"861" 1 0.977269873163381 0.977269873163381
"862" 1 0.975966954562523 0.975966954562523
"863" 1 0.985474295819123 0.985474295819123
"864" 1 0.994507552115841 0.994507552115841
"865" 1 0.97890664003994 0.97890664003994
"866" NA NA NA
"867" 1 0.996495180873701 0.996495180873701
"868" 1 0.990610916374562 0.990610916374562
"869" 1 0.989831785086618 0.989831785086618
"870" 1 0.991422178020885 0.991422178020885
"871" 1 0.997493420228099 0.997493420228099
"872" 1 0.977038895859473 0.977038895859473
"873" 1 0.990515412454761 0.990515412454761
"874" 1 0.969628514056225 0.969628514056225
"875" 1 0.993485742379548 0.993485742379548
"876" 1 0.977441745166088 0.977441745166088
"877" 1 0.969021065675341 0.969021065675341
"878" 1 0.996648460774578 0.996648460774578
"879" 1 0.984840892007016 0.984840892007016
"880" 1 0.996872263230327 0.996872263230327
"881" 1 0.9822255601452 0.9822255601452
"882" 1 0.991468005018821 0.991468005018821
"883" NA NA NA
"884" 1 0.98033358227533 0.98033358227533
"885" 1 0.980900409276944 0.980900409276944
"886" 1 0.99837682607067 0.99837682607067
"887" NA NA NA
"888" 1 0.983737803352514 0.983737803352514
"889" 1 0.978397387591058 0.978397387591058
"890" 1 0.990939555665881 0.990939555665881
"891" 1 0.973720264042845 0.973720264042845
"892" 1 0.999375546396903 0.999375546396903
"893" NA NA NA
"894" 1 0.982397421594149 0.982397421594149
"895" 1 0.961833984128983 0.961833984128983
"896" 1 0.998373373373373 0.998373373373373
"897" 1 0.987657399326767 0.987657399326767
"898" 1 0.997016780609074 0.997016780609074
"899" 1 0.998516137010016 0.998516137010016
"900" NA NA NA
"901" 1 0.983335421626363 0.983335421626363
"902" 1 0.989301447451227 0.989301447451227
"903" 1 0.984947315604616 0.984947315604616
"904" 1 0.996531219028741 0.996531219028741
"905" 1 0.990640209659304 0.990640209659304
"906" 1 0.9970152966049 0.9970152966049
"907" 1 0.97853488081867 0.97853488081867
"908" 1 0.972989871201701 0.972989871201701
"909" 1 1 1
"910" 1 0.994772218073189 0.994772218073189
"911" NA NA NA
"912" 1 0.98782172002511 0.98782172002511
"913" 1 0.992213011806079 0.992213011806079
"914" 1 0.983214330452211 0.983214330452211
"915" 1 0.990469117465033 0.990469117465033
"916" 1 0.985498187273409 0.985498187273409
"917" 1 0.964352955943266 0.964352955943266
"918" 1 0.988416988416988 0.988416988416988
"919" 1 0.999622831279859 0.999622831279859
"920" 1 0.984727090635954 0.984727090635954
"921" 1 0.991052566173729 0.991052566173729
"922" 1 0.996247185389042 0.996247185389042
"923" 1 0.98689302209462 0.98689302209462
"924" 1 0.994542297196725 0.994542297196725
"925" NA NA NA
"926" 1 0.967557489123679 0.967557489123679
"927" 1 0.982653188568576 0.982653188568576
"928" 1 0.996736128546322 0.996736128546322
"929" 1 0.969962453066333 0.969962453066333
"930" 1 0.985154690618762 0.985154690618762
"931" 1 1 1
"932" 1 0.997492163009404 0.997492163009404
"933" NA NA NA
"934" 1 0.993016585609178 0.993016585609178
"935" 1 0.989108662994492 0.989108662994492
"936" 1 0.966574167507568 0.966574167507568
"937" 1 0.982309704746481 0.982309704746481
"938" 1 0.992150510839771 0.992150510839771
"939" 1 0.998125937031484 0.998125937031484
"940" 1 0.970393504059962 0.970393504059962
"941" 1 0.956407035175879 0.956407035175879
"942" 1 0.979174460655942 0.979174460655942
"943" NA NA NA
"944" 1 0.979221102401394 0.979221102401394
"945" 1 0.978244654400796 0.978244654400796
"946" 1 0.995220726952585 0.995220726952585
"947" 1 0.974782499054344 0.974782499054344
"948" 1 0.989656031904287 0.989656031904287
"949" 1 0.97237775289287 0.97237775289287
"950" 1 0.982857857857858 0.982857857857858
"951" 1 0.978664658634538 0.978664658634538
"952" 1 0.996485502698632 0.996485502698632
"953" NA NA NA
"954" 1 0.999252150068553 0.999252150068553
"955" 1 0.971946156749277 0.971946156749277
"956" 1 0.97782788425404 0.97782788425404
"957" 1 0.998625343664084 0.998625343664084
"958" 1 0.995014955134596 0.995014955134596
"959" 1 0.998487903225806 0.998487903225806
"960" 1 0.997994736182479 0.997994736182479
"961" 1 0.998389694041868 0.998389694041868
"962" 1 0.994878840869348 0.994878840869348
"963" 1 0.937765028685458 0.937765028685458
"964" 1 0.995526838966203 0.995526838966203
"965" 1 0.99438202247191 0.99438202247191
"966" 1 0.99824495424345 0.99824495424345
"967" 1 0.954596482474741 0.954596482474741
"968" 1 0.937867969435049 0.937867969435049
"969" 1 0.985726697281867 0.985726697281867
"970" 1 0.9810134540425 0.9810134540425
"971" 1 0.996028298374085 0.996028298374085
"972" 1 0.974626303228238 0.974626303228238
"973" 1 0.986349405134627 0.986349405134627
"974" 1 0.983162065123189 0.983162065123189
"975" 1 0.993567103935419 0.993567103935419
"976" NA NA NA
"977" 1 0.994502061726852 0.994502061726852
"978" NA NA NA
"979" 1 0.98778816199377 0.98778816199377
"980" 1 0.988957209185594 0.988957209185594
"981" 1 0.973820665233338 0.973820665233338
"982" 1 0.991369606003752 0.991369606003752
"983" 1 0.990690168818272 0.990690168818272
"984" 1 0.989384288747346 0.989384288747346
"985" 1 0.956858822058272 0.956858822058272
"986" 1 0.966401194624191 0.966401194624191
"987" 1 0.999501557632399 0.999501557632399
"988" 1 0.970854271356784 0.970854271356784
"989" 1 0.975585450921774 0.975585450921774
"990" 1 0.959604802401201 0.959604802401201
"991" 1 0.98826613406566 0.98826613406566
"992" 1 0.990074129915819 0.990074129915819
"993" 1 1 1
"994" 1 0.98690341266843 0.98690341266843
"995" 1 0.999248402856069 0.999248402856069
"996" 1 0.999377102279806 0.999377102279806
"997" NA NA NA
"998" 1 0.993855799373041 0.993855799373041
"999" 1 0.970884658454647 0.970884658454647
"1000" 1 0.996992481203008 0.996992481203008
