"V1" "V2" "V3"
"1" 1 1 1
"2" 1 0.938775510204082 0.938775510204082
"3" 1 0.998727735368957 0.998727735368957
"4" 1 0.993788819875776 0.993788819875776
"5" 1 0.949742268041237 0.949742268041237
"6" 1 0.951851851851852 0.951851851851852
"7" 1 0.895910780669145 0.895910780669145
"8" 1 0.948979591836735 0.948979591836735
"9" 1 0.985203452527744 0.985203452527744
"10" 1 0.961346633416459 0.961346633416459
"11" 1 0.956896551724138 0.956896551724138
"12" 1 0.989010989010989 0.989010989010989
"13" 1 0.986111111111111 0.986111111111111
"14" 1 0.977639751552795 0.977639751552795
"15" 1 0.948914431673052 0.948914431673052
"16" 1 0.975765306122449 0.975765306122449
"17" 1 0.984146341463415 0.984146341463415
"18" 1 0.974358974358974 0.974358974358974
"19" 1 0.981935483870968 0.981935483870968
"20" 1 0.979974968710889 0.979974968710889
"21" 1 0.988943488943489 0.988943488943489
"22" 1 0.9675 0.9675
"23" 1 0.95679012345679 0.95679012345679
"24" 1 0.991293532338308 0.991293532338308
"25" 1 0.99622641509434 0.99622641509434
"26" 1 0.976070528967254 0.976070528967254
"27" 1 0.995127892813642 0.995127892813642
"28" 1 0.979721166032953 0.979721166032953
"29" 1 0.993734335839599 0.993734335839599
"30" 1 0.99017199017199 0.99017199017199
"31" 1 0.944306930693069 0.944306930693069
"32" 1 0.961442786069652 0.961442786069652
"33" 1 0.996273291925466 0.996273291925466
"34" 1 0.98636926889715 0.98636926889715
"35" 1 0.948813982521848 0.948813982521848
"36" 1 0.935162094763092 0.935162094763092
"37" 1 0.989949748743719 0.989949748743719
"38" 1 0.982587064676617 0.982587064676617
"39" 1 0.941614906832298 0.941614906832298
"40" 1 0.906862745098039 0.906862745098039
"41" 1 0.968592964824121 0.968592964824121
"42" 1 0.942428035043805 0.942428035043805
"43" 1 0.978508217446271 0.978508217446271
"44" 1 0.998751560549313 0.998751560549313
"45" 1 0.995 0.995
"46" 1 0.991150442477876 0.991150442477876
"47" 1 0.913686806411837 0.913686806411837
"48" 1 0.971974522292994 0.971974522292994
"49" 1 0.998760842627014 0.998760842627014
"50" 1 0.957658779576588 0.957658779576588
"51" 1 0.923175416133163 0.923175416133163
"52" 1 0.993710691823899 0.993710691823899
"53" 1 0.99625 0.99625
"54" 1 0.981412639405205 0.981412639405205
"55" 1 0.981203007518797 0.981203007518797
"56" 1 0.972727272727273 0.972727272727273
"57" 1 0.980988593155893 0.980988593155893
"58" 1 0.940656565656566 0.940656565656566
"59" 1 0.895131086142322 0.895131086142322
"60" 1 0.945979899497487 0.945979899497487
"61" 1 0.94327990135635 0.94327990135635
"62" 1 0.950556242274413 0.950556242274413
"63" 1 0.94080604534005 0.94080604534005
"64" 1 0.892268694550063 0.892268694550063
"65" 1 0.996259351620948 0.996259351620948
"66" 1 0.927367055771725 0.927367055771725
"67" 1 0.93184634448575 0.93184634448575
"68" 1 0.991116751269036 0.991116751269036
"69" 1 0.998756218905473 0.998756218905473
"70" 1 0.984575835475578 0.984575835475578
"71" 1 0.996300863131936 0.996300863131936
"72" 1 0.947637292464879 0.947637292464879
"73" 1 0.997481108312343 0.997481108312343
"74" 1 0.964779874213836 0.964779874213836
"75" 1 0.943488943488944 0.943488943488944
"76" 1 0.929368029739777 0.929368029739777
"77" 1 0.967661691542289 0.967661691542289
"78" 1 0.978562421185372 0.978562421185372
"79" 1 0.989795918367347 0.989795918367347
"80" 1 0.954887218045113 0.954887218045113
"81" 1 0.994962216624685 0.994962216624685
"82" 1 0.99625 0.99625
"83" 1 0.967430639324487 0.967430639324487
"84" 1 0.996273291925466 0.996273291925466
"85" 1 1 1
"86" 1 0.973848069738481 0.973848069738481
"87" 1 0.976629766297663 0.976629766297663
"88" 1 0.981036662452592 0.981036662452592
"89" 1 0.987244897959184 0.987244897959184
"90" 1 0.980416156670747 0.980416156670747
"91" 1 0.979166666666667 0.979166666666667
"92" 1 0.942928039702233 0.942928039702233
"93" 1 0.953980099502488 0.953980099502488
"94" 1 0.986022871664549 0.986022871664549
"95" 1 0.962056303549572 0.962056303549572
"96" 1 0.935483870967742 0.935483870967742
"97" 1 0.998738965952081 0.998738965952081
"98" 1 0.988778054862843 0.988778054862843
"99" 1 0.940813810110974 0.940813810110974
"100" 1 0.960248447204969 0.960248447204969
"101" 1 0.977326968973747 0.977326968973747
"102" 1 0.991271820448878 0.991271820448878
"103" 1 0.93099121706399 0.93099121706399
"104" 1 0.974811083123426 0.974811083123426
"105" 1 0.93734335839599 0.93734335839599
"106" 1 0.96958174904943 0.96958174904943
"107" 1 0.996168582375479 0.996168582375479
"108" 1 0.977329974811083 0.977329974811083
"109" 1 0.992574257425743 0.992574257425743
"110" 1 0.989834815756036 0.989834815756036
"111" 1 0.978205128205128 0.978205128205128
"112" 1 0.94944512946979 0.94944512946979
"113" 1 0.90989847715736 0.90989847715736
"114" 1 1 1
"115" 1 0.990314769975787 0.990314769975787
"116" 1 0.977886977886978 0.977886977886978
"117" 1 0.992592592592593 0.992592592592593
"118" 1 0.979064039408867 0.979064039408867
"119" 1 0.968905472636816 0.968905472636816
"120" 1 0.966625463535229 0.966625463535229
"121" 1 0.983668341708543 0.983668341708543
"122" 1 0.998754669987547 0.998754669987547
"123" 1 0.956140350877193 0.956140350877193
"124" 1 0.94625 0.94625
"125" 1 0.907090464547677 0.907090464547677
"126" 1 0.910669975186104 0.910669975186104
"127" 1 0.958852867830424 0.958852867830424
"128" 1 0.98014888337469 0.98014888337469
"129" 1 0.926020408163265 0.926020408163265
"130" 1 0.962820512820513 0.962820512820513
"131" 1 0.960149439601494 0.960149439601494
"132" 1 0.955752212389381 0.955752212389381
"133" 1 0.945121951219512 0.945121951219512
"134" 1 0.896379525593009 0.896379525593009
"135" 1 0.969135802469136 0.969135802469136
"136" 1 0.99252801992528 0.99252801992528
"137" 1 0.94949494949495 0.94949494949495
"138" 1 0.992481203007519 0.992481203007519
"139" 1 0.982779827798278 0.982779827798278
"140" 1 0.948492462311558 0.948492462311558
"141" 1 0.972292191435768 0.972292191435768
"142" 1 0.94228356336261 0.94228356336261
"143" 1 0.995049504950495 0.995049504950495
"144" 1 0.952321204516938 0.952321204516938
"145" 1 0.996354799513973 0.996354799513973
"146" 1 0.993670886075949 0.993670886075949
"147" 1 0.988778054862843 0.988778054862843
"148" 1 0.952866242038217 0.952866242038217
"149" 1 0.994981179422836 0.994981179422836
"150" 1 0.996216897856242 0.996216897856242
"151" 1 0.993506493506494 0.993506493506494
"152" 1 0.975949367088608 0.975949367088608
"153" NA NA NA
"154" 1 0.946716232961586 0.946716232961586
"155" 1 0.978316326530612 0.978316326530612
"156" 1 0.970260223048327 0.970260223048327
"157" 1 0.949257425742574 0.949257425742574
"158" 1 0.948362720403023 0.948362720403023
"159" 1 1 1
"160" 1 0.951612903225806 0.951612903225806
"161" 1 0.985365853658537 0.985365853658537
"162" 1 0.952618453865337 0.952618453865337
"163" 1 0.918341708542714 0.918341708542714
"164" 1 0.962168978562421 0.962168978562421
"165" 1 0.96969696969697 0.96969696969697
"166" 1 0.998771498771499 0.998771498771499
"167" 1 0.986436498150432 0.986436498150432
"168" 1 0.980099502487562 0.980099502487562
"169" 1 0.957178841309824 0.957178841309824
"170" 1 0.977611940298508 0.977611940298508
"171" 1 0.946847960444994 0.946847960444994
"172" 1 0.957160342717258 0.957160342717258
"173" 1 0.937965260545906 0.937965260545906
"174" 1 0.998789346246973 0.998789346246973
"175" 1 0.921472392638037 0.921472392638037
"176" 1 0.965340179717587 0.965340179717587
"177" 1 0.98046398046398 0.98046398046398
"178" 1 0.957232704402516 0.957232704402516
"179" 1 0.985276073619632 0.985276073619632
"180" 1 0.99618320610687 0.99618320610687
"181" 1 0.987437185929648 0.987437185929648
"182" 1 0.984752223634053 0.984752223634053
"183" 1 0.937888198757764 0.937888198757764
"184" 1 1 1
"185" 1 0.915750915750916 0.915750915750916
"186" 1 0.984981226533166 0.984981226533166
"187" 1 0.962453066332916 0.962453066332916
"188" 1 0.975765306122449 0.975765306122449
"189" 1 0.996216897856242 0.996216897856242
"190" 1 0.993670886075949 0.993670886075949
"191" 1 0.977832512315271 0.977832512315271
"192" 1 0.99125 0.99125
"193" 1 0.967980295566502 0.967980295566502
"194" 1 0.933497536945813 0.933497536945813
"195" 1 0.986128625472888 0.986128625472888
"196" 1 0.981060606060606 0.981060606060606
"197" 1 0.972045743329098 0.972045743329098
"198" 1 0.933171324422843 0.933171324422843
"199" 1 0.984848484848485 0.984848484848485
"200" 1 0.942558746736292 0.942558746736292
"201" 1 0.924812030075188 0.924812030075188
"202" 1 0.986180904522613 0.986180904522613
"203" 1 0.971902937420179 0.971902937420179
"204" 1 0.998737373737374 0.998737373737374
"205" 1 1 1
"206" 1 0.988943488943489 0.988943488943489
"207" 1 0.975260416666667 0.975260416666667
"208" 1 0.983790523690773 0.983790523690773
"209" 1 0.982367758186398 0.982367758186398
"210" 1 0.990243902439024 0.990243902439024
"211" 1 0.943820224719101 0.943820224719101
"212" 1 0.955665024630542 0.955665024630542
"213" 1 1 1
"214" 1 0.972010178117048 0.972010178117048
"215" 1 0.99873257287706 0.99873257287706
"216" 1 0.99873417721519 0.99873417721519
"217" 1 0.974842767295597 0.974842767295597
"218" 1 0.99030303030303 0.99030303030303
"219" 1 0.951310861423221 0.951310861423221
"220" 1 0.972972972972973 0.972972972972973
"221" 1 0.979407979407979 0.979407979407979
"222" 1 0.879288437102922 0.879288437102922
"223" 1 0.99 0.99
"224" 1 0.99625 0.99625
"225" 1 0.987373737373737 0.987373737373737
"226" 1 0.960493827160494 0.960493827160494
"227" 1 0.979064039408867 0.979064039408867
"228" 1 0.962676962676963 0.962676962676963
"229" 1 0.983790523690773 0.983790523690773
"230" 1 0.979924717691342 0.979924717691342
"231" 1 0.974905897114178 0.974905897114178
"232" 1 0.959697732997481 0.959697732997481
"233" 1 0.971428571428571 0.971428571428571
"234" 1 0.976514215080346 0.976514215080346
"235" 1 0.981296758104738 0.981296758104738
"236" 1 0.995 0.995
"237" 1 0.976658476658477 0.976658476658477
"238" 1 0.956195244055069 0.956195244055069
"239" 1 0.969620253164557 0.969620253164557
"240" 1 0.935802469135802 0.935802469135802
"241" 1 0.956962025316456 0.956962025316456
"242" 1 0.9725 0.9725
"243" 1 0.957253886010363 0.957253886010363
"244" 1 0.954887218045113 0.954887218045113
"245" 1 0.991150442477876 0.991150442477876
"246" 1 0.97037037037037 0.97037037037037
"247" 1 1 1
"248" 1 0.993630573248408 0.993630573248408
"249" 1 0.981155778894472 0.981155778894472
"250" 1 0.953164556962025 0.953164556962025
"251" 1 0.967741935483871 0.967741935483871
"252" 1 0.973913043478261 0.973913043478261
"253" 1 0.958485958485959 0.958485958485959
"254" 1 0.861179361179361 0.861179361179361
"255" 1 1 1
"256" 1 1 1
"257" 1 0.940074906367041 0.940074906367041
"258" 1 0.914179104477612 0.914179104477612
"259" 1 0.972568578553616 0.972568578553616
"260" 1 0.942189421894219 0.942189421894219
"261" 1 0.98134328358209 0.98134328358209
"262" 1 0.998708010335917 0.998708010335917
"263" 1 0.99 0.99
"264" 1 0.960509554140127 0.960509554140127
"265" 1 0.914425427872861 0.914425427872861
"266" 1 0.915841584158416 0.915841584158416
"267" 1 0.984318455971049 0.984318455971049
"268" 1 0.965736040609137 0.965736040609137
"269" 1 0.974619289340102 0.974619289340102
"270" 1 0.977859778597786 0.977859778597786
"271" 1 0.910126582278481 0.910126582278481
"272" 1 0.938195302843016 0.938195302843016
"273" 1 0.954830614805521 0.954830614805521
"274" 1 0.945409429280397 0.945409429280397
"275" 1 0.972972972972973 0.972972972972973
"276" 1 0.998724489795918 0.998724489795918
"277" 1 0.936488169364882 0.936488169364882
"278" 1 0.985166872682324 0.985166872682324
"279" 1 0.964019851116625 0.964019851116625
"280" 1 0.936196319018405 0.936196319018405
"281" 1 0.97375 0.97375
"282" 0.969 0.915976331360947 0.887573964497041
"283" 1 0.967171717171717 0.967171717171717
"284" 1 0.955168119551681 0.955168119551681
"285" 1 0.988505747126437 0.988505747126437
"286" 1 0.962871287128713 0.962871287128713
"287" NA NA NA
"288" 1 0.96875 0.96875
"289" 1 0.986040609137056 0.986040609137056
"290" 1 0.937423312883436 0.937423312883436
"291" 1 0.955719557195572 0.955719557195572
"292" 1 0.997458703939009 0.997458703939009
"293" 1 0.972465581977472 0.972465581977472
"294" 1 0.987775061124694 0.987775061124694
"295" 1 0.940886699507389 0.940886699507389
"296" 1 0.927227101631117 0.927227101631117
"297" 1 0.969325153374233 0.969325153374233
"298" 1 0.984732824427481 0.984732824427481
"299" 1 0.912718204488778 0.912718204488778
"300" 1 0.895705521472393 0.895705521472393
"301" 1 0.982389937106918 0.982389937106918
"302" 1 0.959805115712546 0.959805115712546
"303" 1 0.90840652446675 0.90840652446675
"304" 1 0.95935960591133 0.95935960591133
"305" 1 0.993662864385298 0.993662864385298
"306" 1 0.924242424242424 0.924242424242424
"307" 1 0.949937421777222 0.949937421777222
"308" 1 0.962406015037594 0.962406015037594
"309" 1 0.97724399494311 0.97724399494311
"310" 1 0.948084054388133 0.948084054388133
"311" 1 0.979974968710889 0.979974968710889
"312" 1 0.94775212636695 0.94775212636695
"313" 1 0.977358490566038 0.977358490566038
"314" 1 0.992682926829268 0.992682926829268
"315" 1 0.975031210986267 0.975031210986267
"316" 1 0.9975 0.9975
"317" 1 0.982389937106918 0.982389937106918
"318" 1 0.978643216080402 0.978643216080402
"319" 1 0.994962216624685 0.994962216624685
"320" 1 0.958121827411167 0.958121827411167
"321" 1 0.994884910485934 0.994884910485934
"322" 1 0.942355889724311 0.942355889724311
"323" 1 0.960509554140127 0.960509554140127
"324" 1 0.967866323907455 0.967866323907455
"325" 1 0.991358024691358 0.991358024691358
"326" 1 0.947496947496947 0.947496947496947
"327" 1 0.981179422835634 0.981179422835634
"328" 1 1 1
"329" 1 0.99625468164794 0.99625468164794
"330" 1 0.929542645241038 0.929542645241038
"331" 1 0.973137973137973 0.973137973137973
"332" 1 0.935081148564295 0.935081148564295
"333" 1 0.967700258397933 0.967700258397933
"334" 1 0.99125 0.99125
"335" 1 0.988578680203046 0.988578680203046
"336" 1 0.968152866242038 0.968152866242038
"337" 1 0.955527318932656 0.955527318932656
"338" 1 0.938673341677096 0.938673341677096
"339" 1 0.984943538268507 0.984943538268507
"340" 1 0.91055900621118 0.91055900621118
"341" 1 0.987515605493134 0.987515605493134
"342" 1 0.989974937343358 0.989974937343358
"343" 1 0.981818181818182 0.981818181818182
"344" 1 0.915617128463476 0.915617128463476
"345" 1 0.875 0.875
"346" 1 0.954037267080745 0.954037267080745
"347" 1 0.971604938271605 0.971604938271605
"348" 1 0.920654911838791 0.920654911838791
"349" 1 0.940316686967113 0.940316686967113
"350" 1 0.992248062015504 0.992248062015504
"351" 1 0.985037406483791 0.985037406483791
"352" 1 0.99125 0.99125
"353" 1 0.967581047381546 0.967581047381546
"354" 1 0.976160602258469 0.976160602258469
"355" 1 0.823899371069182 0.823899371069182
"356" 1 0.915632754342432 0.915632754342432
"357" 1 0.984009840098401 0.984009840098401
"358" 1 0.878824969400245 0.878824969400245
"359" 1 0.954207920792079 0.954207920792079
"360" 1 0.945205479452055 0.945205479452055
"361" 1 0.988929889298893 0.988929889298893
"362" 1 0.952677459526775 0.952677459526775
"363" 1 0.94125 0.94125
"364" 1 0.955390334572491 0.955390334572491
"365" 1 0.967781908302354 0.967781908302354
"366" 1 0.97741530740276 0.97741530740276
"367" 1 0.893805309734513 0.893805309734513
"368" 1 0.991105463786531 0.991105463786531
"369" 1 0.989886219974716 0.989886219974716
"370" 1 0.9404309252218 0.9404309252218
"371" 1 0.966501240694789 0.966501240694789
"372" NA NA NA
"373" 1 0.998787878787879 0.998787878787879
"374" 1 0.985111662531017 0.985111662531017
"375" 1 0.978562421185372 0.978562421185372
"376" NA NA NA
"377" 1 0.96343001261034 0.96343001261034
"378" 1 0.984829329962073 0.984829329962073
"379" 1 0.970588235294118 0.970588235294118
"380" 1 0.993726474278545 0.993726474278545
"381" 1 0.96044499381953 0.96044499381953
"382" 1 0.992424242424242 0.992424242424242
"383" 1 0.947434292866083 0.947434292866083
"384" 1 0.929716399506782 0.929716399506782
"385" 1 0.932484076433121 0.932484076433121
"386" 1 0.925742574257426 0.925742574257426
"387" 1 0.962195121951219 0.962195121951219
"388" 1 0.962406015037594 0.962406015037594
"389" 1 0.959006211180124 0.959006211180124
"390" 1 0.988311688311688 0.988311688311688
"391" 1 0.972081218274112 0.972081218274112
"392" 1 0.939470365699874 0.939470365699874
"393" 1 0.942189421894219 0.942189421894219
"394" 1 0.942643391521197 0.942643391521197
"395" 1 0.950617283950617 0.950617283950617
"396" 1 0.949874686716792 0.949874686716792
"397" 1 0.967490247074122 0.967490247074122
"398" 1 0.980124223602485 0.980124223602485
"399" 1 0.927950310559006 0.927950310559006
"400" 1 0.965260545905707 0.965260545905707
"401" 1 1 1
"402" 1 1 1
"403" 1 0.952080706179067 0.952080706179067
"404" 1 0.948035487959442 0.948035487959442
"405" 1 0.9925 0.9925
"406" 1 0.933008526187576 0.933008526187576
"407" 1 0.914540816326531 0.914540816326531
"408" 1 0.836683417085427 0.836683417085427
"409" 1 0.988902589395808 0.988902589395808
"410" 1 0.996296296296296 0.996296296296296
"411" 1 0.98780487804878 0.98780487804878
"412" 1 0.963930348258706 0.963930348258706
"413" 1 0.963659147869674 0.963659147869674
"414" 1 0.941845764854614 0.941845764854614
"415" 1 0.839704069050555 0.839704069050555
"416" 1 0.998757763975155 0.998757763975155
"417" 1 0.988636363636364 0.988636363636364
"418" 1 0.964064436183395 0.964064436183395
"419" 1 0.984848484848485 0.984848484848485
"420" 1 1 1
"421" 1 0.998757763975155 0.998757763975155
"422" 1 0.976100628930818 0.976100628930818
"423" 1 0.930864197530864 0.930864197530864
"424" 1 0.974968710888611 0.974968710888611
"425" 1 0.989911727616646 0.989911727616646
"426" 1 0.949194547707559 0.949194547707559
"427" 0.985 1 0.982630272952854
"428" 1 0.973551637279597 0.973551637279597
"429" 1 0.99878197320341 0.99878197320341
"430" 1 0.978398983481576 0.978398983481576
"431" 1 0.966952264381885 0.966952264381885
"432" 1 1 1
"433" 1 0.982434127979925 0.982434127979925
"434" 1 0.981458590852905 0.981458590852905
"435" 1 0.98134328358209 0.98134328358209
"436" 1 0.978723404255319 0.978723404255319
"437" 1 0.986318407960199 0.986318407960199
"438" 1 0.94859241126071 0.94859241126071
"439" 1 0.976338729763387 0.976338729763387
"440" 1 0.944871794871795 0.944871794871795
"441" 1 1 1
"442" 1 0.979974968710889 0.979974968710889
"443" 1 0.994943109987358 0.994943109987358
"444" 1 0.967783505154639 0.967783505154639
"445" 1 0.957972805933251 0.957972805933251
"446" 1 0.980124223602485 0.980124223602485
"447" 1 0.987608426270136 0.987608426270136
"448" 1 0.99626400996264 0.99626400996264
"449" 1 0.998766954377312 0.998766954377312
"450" 0.813 0.986267166042447 0.803995006242197
"451" 1 0.995 0.995
"452" 1 0.946902654867257 0.946902654867257
"453" 1 0.990012484394507 0.990012484394507
"454" 1 0.990979381443299 0.990979381443299
"455" 1 0.981296758104738 0.981296758104738
"456" 0.917 0.961977186311787 0.879594423320659
"457" 1 0.940024479804162 0.940024479804162
"458" 1 0.987730061349693 0.987730061349693
"459" 1 1 1
"460" 1 0.988636363636364 0.988636363636364
"461" 1 0.95409429280397 0.95409429280397
"462" 1 0.992395437262357 0.992395437262357
"463" 1 0.98586118251928 0.98586118251928
"464" 1 0.927860696517413 0.927860696517413
"465" NA NA NA
"466" 1 0.98234552332913 0.98234552332913
"467" 1 1 1
"468" 1 0.97636815920398 0.97636815920398
"469" 1 0.970245795601552 0.970245795601552
"470" 1 0.982323232323232 0.982323232323232
"471" 1 0.943765281173594 0.943765281173594
"472" 1 0.963235294117647 0.963235294117647
"473" 1 0.953807740324594 0.953807740324594
"474" 1 0.981132075471698 0.981132075471698
"475" 1 0.972670807453416 0.972670807453416
"476" 1 0.949367088607595 0.949367088607595
"477" 1 0.990037359900374 0.990037359900374
"478" 1 0.994949494949495 0.994949494949495
"479" 1 0.974905897114178 0.974905897114178
"480" 1 0.976514215080346 0.976514215080346
"481" 1 0.954081632653061 0.954081632653061
"482" NA NA NA
"483" 1 0.940581542351454 0.940581542351454
"484" 1 0.99383477188656 0.99383477188656
"485" 1 0.977886977886978 0.977886977886978
"486" 1 0.936061381074169 0.936061381074169
"487" 1 0.938209331651955 0.938209331651955
"488" 1 0.9925 0.9925
"489" 1 0.975031210986267 0.975031210986267
"490" 1 0.993718592964824 0.993718592964824
"491" 1 0.955527318932656 0.955527318932656
"492" 1 0.987608426270136 0.987608426270136
"493" 1 0.973282442748092 0.973282442748092
"494" 1 0.918546365914787 0.918546365914787
"495" 1 0.939666238767651 0.939666238767651
"496" 1 0.992638036809816 0.992638036809816
"497" 1 0.975247524752475 0.975247524752475
"498" 1 0.993646759847522 0.993646759847522
"499" 1 0.984886649874055 0.984886649874055
"500" 1 0.983268983268983 0.983268983268983
"501" 1 0.962453066332916 0.962453066332916
"502" 1 0.960248447204969 0.960248447204969
"503" 1 0.976683937823834 0.976683937823834
"504" 1 1 1
"505" 1 0.992691839220463 0.992691839220463
"506" 1 0.991161616161616 0.991161616161616
"507" 1 0.968905472636816 0.968905472636816
"508" 1 0.937420178799489 0.937420178799489
"509" 1 0.996245306633292 0.996245306633292
"510" 1 0.976687116564417 0.976687116564417
"511" 1 0.985951468710089 0.985951468710089
"512" 1 0.956298200514139 0.956298200514139
"513" 1 1 1
"514" 1 0.936010037641154 0.936010037641154
"515" 1 0.978398983481576 0.978398983481576
"516" 1 0.98876404494382 0.98876404494382
"517" 1 0.951066499372647 0.951066499372647
"518" 1 0.993804213135068 0.993804213135068
"519" 1 0.940954773869347 0.940954773869347
"520" 1 0.985 0.985
"521" 1 0.952618453865337 0.952618453865337
"522" 1 0.954430379746835 0.954430379746835
"523" 1 0.962424242424242 0.962424242424242
"524" 1 0.994930291508238 0.994930291508238
"525" 1 0.986075949367089 0.986075949367089
"526" 1 0.941903584672435 0.941903584672435
"527" 1 0.998737373737374 0.998737373737374
"528" 1 0.969059405940594 0.969059405940594
"529" 1 0.996332518337408 0.996332518337408
"530" 1 0.936724565756824 0.936724565756824
"531" 1 0.980940279542567 0.980940279542567
"532" 1 0.963291139240506 0.963291139240506
"533" 1 0.990384615384615 0.990384615384615
"534" 1 0.956629491945477 0.956629491945477
"535" 1 0.991271820448878 0.991271820448878
"536" 1 0.998745294855709 0.998745294855709
"537" 1 0.920953575909661 0.920953575909661
"538" 1 0.992647058823529 0.992647058823529
"539" 1 0.925410872313527 0.925410872313527
"540" 1 0.9975 0.9975
"541" 1 0.914072229140722 0.914072229140722
"542" 1 0.990990990990991 0.990990990990991
"543" 1 0.992709599027947 0.992709599027947
"544" 1 0.972121212121212 0.972121212121212
"545" 1 0.921402660217654 0.921402660217654
"546" 1 0.902985074626866 0.902985074626866
"547" 1 0.873737373737374 0.873737373737374
"548" 1 0.996192893401015 0.996192893401015
"549" 1 0.997530864197531 0.997530864197531
"550" 1 0.966207759699625 0.966207759699625
"551" 1 0.973913043478261 0.973913043478261
"552" 1 0.984575835475578 0.984575835475578
"553" 1 0.99873417721519 0.99873417721519
"554" 1 0.995139732685298 0.995139732685298
"555" 1 0.99375 0.99375
"556" 1 0.962406015037594 0.962406015037594
"557" 1 0.981389578163772 0.981389578163772
"558" 1 0.99265605875153 0.99265605875153
"559" 1 0.962962962962963 0.962962962962963
"560" 1 0.961298377028714 0.961298377028714
"561" 1 0.977777777777778 0.977777777777778
"562" 1 0.946450809464508 0.946450809464508
"563" 1 0.98840206185567 0.98840206185567
"564" 1 0.953601953601954 0.953601953601954
"565" 1 0.982165605095541 0.982165605095541
"566" 1 0.927872860635697 0.927872860635697
"567" 1 0.981320049813201 0.981320049813201
"568" 1 0.99625 0.99625
"569" 1 0.976130653266332 0.976130653266332
"570" 1 0.985111662531017 0.985111662531017
"571" 1 0.986075949367089 0.986075949367089
"572" 1 1 1
"573" 1 0.984029484029484 0.984029484029484
"574" 1 0.960542540073983 0.960542540073983
"575" 1 0.96551724137931 0.96551724137931
"576" 1 0.870393900889454 0.870393900889454
"577" 1 0.948297604035309 0.948297604035309
"578" 1 0.998751560549313 0.998751560549313
"579" 1 0.943253467843632 0.943253467843632
"580" 1 0.906447534766119 0.906447534766119
"581" 1 0.998757763975155 0.998757763975155
"582" 1 0.969021065675341 0.969021065675341
"583" 1 0.930379746835443 0.930379746835443
"584" 1 0.984810126582279 0.984810126582279
"585" 1 0.992481203007519 0.992481203007519
"586" 1 0.992682926829268 0.992682926829268
"587" 1 0.99874843554443 0.99874843554443
"588" 1 0.948813982521848 0.948813982521848
"589" 1 0.974530831099196 0.974530831099196
"590" 1 0.944444444444444 0.944444444444444
"591" 1 0.917079207920792 0.917079207920792
"592" 1 0.994987468671679 0.994987468671679
"593" 1 0.998745294855709 0.998745294855709
"594" 1 0.950943396226415 0.950943396226415
"595" 1 0.986634264884569 0.986634264884569
"596" 1 0.960149439601494 0.960149439601494
"597" 1 0.979089790897909 0.979089790897909
"598" 1 0.966376089663761 0.966376089663761
"599" 1 0.964824120603015 0.964824120603015
"600" 1 0.969924812030075 0.969924812030075
"601" 1 0.993646759847522 0.993646759847522
"602" 1 0.99375 0.99375
"603" 1 0.91389913899139 0.91389913899139
"604" 1 0.991400491400491 0.991400491400491
"605" 1 0.987228607918263 0.987228607918263
"606" 1 0.956843403205919 0.956843403205919
"607" 1 0.975031210986267 0.975031210986267
"608" 1 0.924337957124842 0.924337957124842
"609" 1 0.996341463414634 0.996341463414634
"610" 1 0.987608426270136 0.987608426270136
"611" 1 0.974457215836526 0.974457215836526
"612" 1 0.951492537313433 0.951492537313433
"613" NA NA NA
"614" 1 0.978908188585608 0.978908188585608
"615" 1 0.997509339975093 0.997509339975093
"616" 1 0.986842105263158 0.986842105263158
"617" 1 0.982233502538071 0.982233502538071
"618" 1 0.9875 0.9875
"619" 1 0.970360824742268 0.970360824742268
"620" 1 0.931506849315068 0.931506849315068
"621" 1 0.977301387137453 0.977301387137453
"622" 1 0.960639606396064 0.960639606396064
"623" 1 0.99383477188656 0.99383477188656
"624" 1 0.982412060301508 0.982412060301508
"625" 1 0.981389578163772 0.981389578163772
"626" 1 0.923551171393342 0.923551171393342
"627" 1 1 1
"628" 1 0.989051094890511 0.989051094890511
"629" 1 0.936881188118812 0.936881188118812
"630" 1 0.964504283965728 0.964504283965728
"631" 1 0.951715374841169 0.951715374841169
"632" 1 0.991325898389095 0.991325898389095
"633" 1 0.996245306633292 0.996245306633292
"634" 1 0.941903584672435 0.941903584672435
"635" 1 0.9925 0.9925
"636" 1 0.959131545338442 0.959131545338442
"637" 1 0.981320049813201 0.981320049813201
"638" 1 0.963459196102314 0.963459196102314
"639" 1 0.9825 0.9825
"640" 1 0.987341772151899 0.987341772151899
"641" 1 0.976338729763387 0.976338729763387
"642" 1 0.976130653266332 0.976130653266332
"643" 1 0.992471769134254 0.992471769134254
"644" 1 0.909554140127389 0.909554140127389
"645" 1 0.998756218905473 0.998756218905473
"646" 1 0.89125 0.89125
"647" 1 0.98046398046398 0.98046398046398
"648" 1 0.99875 0.99875
"649" 1 0.971882640586797 0.971882640586797
"650" 1 0.930025445292621 0.930025445292621
"651" 1 0.912345679012346 0.912345679012346
"652" 1 0.98780487804878 0.98780487804878
"653" 1 0.983627204030227 0.983627204030227
"654" 1 0.928934010152284 0.928934010152284
"655" 1 0.975216852540273 0.975216852540273
"656" 1 0.96625 0.96625
"657" 1 0.987357774968394 0.987357774968394
"658" 1 0.976514215080346 0.976514215080346
"659" 1 0.993742177722153 0.993742177722153
"660" 1 0.962779156327543 0.962779156327543
"661" 1 0.975579975579976 0.975579975579976
"662" 1 0.993622448979592 0.993622448979592
"663" 1 0.982905982905983 0.982905982905983
"664" 1 0.958033573141487 0.958033573141487
"665" 1 0.98636926889715 0.98636926889715
"666" 1 0.947096774193548 0.947096774193548
"667" 1 0.958024691358025 0.958024691358025
"668" 1 0.99873257287706 0.99873257287706
"669" 1 0.970737913486005 0.970737913486005
"670" 1 0.968944099378882 0.968944099378882
"671" 1 0.997521685254027 0.997521685254027
"672" 1 0.981320049813201 0.981320049813201
"673" 1 0.981320049813201 0.981320049813201
"674" 0.967 0.963704630788486 0.937421777221527
"675" 1 0.997521685254027 0.997521685254027
"676" 1 0.957658779576588 0.957658779576588
"677" 1 0.98989898989899 0.98989898989899
"678" 1 0.98625 0.98625
"679" 1 0.93888166449935 0.93888166449935
"680" 1 0.998724489795918 0.998724489795918
"681" 1 0.991432068543452 0.991432068543452
"682" 1 0.984867591424968 0.984867591424968
"683" 1 0.929936305732484 0.929936305732484
"684" 1 0.994981179422836 0.994981179422836
"685" 1 0.939470365699874 0.939470365699874
"686" 1 0.922424242424242 0.922424242424242
"687" 1 0.968866749688667 0.968866749688667
"688" 1 0.970479704797048 0.970479704797048
"689" 1 0.977358490566038 0.977358490566038
"690" 1 0.990074441687345 0.990074441687345
"691" 1 0.969437652811736 0.969437652811736
"692" 1 0.989987484355444 0.989987484355444
"693" 1 0.978802992518703 0.978802992518703
"694" 1 0.936274509803922 0.936274509803922
"695" 1 0.963383838383838 0.963383838383838
"696" 1 0.964197530864198 0.964197530864198
"697" 1 0.997422680412371 0.997422680412371
"698" 1 0.964426877470356 0.964426877470356
"699" 1 0.973815461346633 0.973815461346633
"700" 1 0.905707196029777 0.905707196029777
"701" 1 0.99622641509434 0.99622641509434
"702" 1 0.984810126582279 0.984810126582279
"703" 1 0.994930291508238 0.994930291508238
"704" 1 0.99616368286445 0.99616368286445
"705" 1 0.953282828282828 0.953282828282828
"706" 1 0.988929889298893 0.988929889298893
"707" 1 0.99869109947644 0.99869109947644
"708" 1 0.9025 0.9025
"709" 1 0.934889434889435 0.934889434889435
"710" 1 0.991150442477876 0.991150442477876
"711" 1 0.959459459459459 0.959459459459459
"712" 1 0.940880503144654 0.940880503144654
"713" 1 0.98625 0.98625
"714" 1 0.991194968553459 0.991194968553459
"715" 1 0.978371501272265 0.978371501272265
"716" 1 0.965043695380774 0.965043695380774
"717" 1 0.914179104477612 0.914179104477612
"718" 1 0.985111662531017 0.985111662531017
"719" 1 0.954601226993865 0.954601226993865
"720" 1 0.940097799511002 0.940097799511002
"721" 1 0.958280657395702 0.958280657395702
"722" 1 0.93375796178344 0.93375796178344
"723" 1 0.945569620253165 0.945569620253165
"724" 1 0.946496815286624 0.946496815286624
"725" 1 0.997524752475248 0.997524752475248
"726" 1 0.967821782178218 0.967821782178218
"727" 1 0.950248756218905 0.950248756218905
"728" 1 0.94139650872818 0.94139650872818
"729" 1 0.988735919899875 0.988735919899875
"730" 1 0.955 0.955
"731" 1 0.993726474278545 0.993726474278545
"732" 1 0.963325183374083 0.963325183374083
"733" 1 0.98879202988792 0.98879202988792
"734" 1 0.923469387755102 0.923469387755102
"735" 1 0.951552795031056 0.951552795031056
"736" 1 0.964194373401535 0.964194373401535
"737" 1 0.941919191919192 0.941919191919192
"738" 1 0.957605985037406 0.957605985037406
"739" 1 0.906048906048906 0.906048906048906
"740" 1 0.970660146699266 0.970660146699266
"741" 1 0.998776009791922 0.998776009791922
"742" 1 0.997563946406821 0.997563946406821
"743" 1 0.926065162907268 0.926065162907268
"744" 1 0.91875 0.91875
"745" 1 0.956843403205919 0.956843403205919
"746" 1 1 1
"747" 1 0.938826466916355 0.938826466916355
"748" 0.901 0.9529262086514 0.860050890585242
"749" 1 0.981617647058823 0.981617647058823
"750" 1 0.943538268506901 0.943538268506901
"751" 1 0.964376590330789 0.964376590330789
"752" 1 0.95448798988622 0.95448798988622
"753" 1 0.986568986568987 0.986568986568987
"754" 1 0.948084054388133 0.948084054388133
"755" 1 0.944654088050314 0.944654088050314
"756" 0.904 0.953634085213033 0.863408521303258
"757" 1 0.958955223880597 0.958955223880597
"758" 1 0.924870466321243 0.924870466321243
"759" 1 0.94625 0.94625
"760" 1 0.958280657395702 0.958280657395702
"761" 1 0.996192893401015 0.996192893401015
"762" NA NA NA
"763" 1 0.90452876376989 0.90452876376989
"764" 1 0.986552567237164 0.986552567237164
"765" 1 0.95796178343949 0.95796178343949
"766" 1 0.975339087546239 0.975339087546239
"767" 1 0.982412060301508 0.982412060301508
"768" 1 0.974452554744526 0.974452554744526
"769" 1 0.983870967741935 0.983870967741935
"770" 1 0.982758620689655 0.982758620689655
"771" 1 0.998730964467005 0.998730964467005
"772" 1 0.962264150943396 0.962264150943396
"773" 1 0.919642857142857 0.919642857142857
"774" 1 0.941323345817728 0.941323345817728
"775" 1 0.981108312342569 0.981108312342569
"776" 1 0.989911727616646 0.989911727616646
"777" 1 0.972151898734177 0.972151898734177
"778" 1 0.995043370508054 0.995043370508054
"779" 1 0.971539456662354 0.971539456662354
"780" 1 0.985111662531017 0.985111662531017
"781" 1 0.968215158924205 0.968215158924205
"782" 1 0.924623115577889 0.924623115577889
"783" 1 1 1
"784" 1 0.971285892634207 0.971285892634207
"785" 1 0.96343001261034 0.96343001261034
"786" 1 0.963337547408344 0.963337547408344
"787" 1 0.981747066492829 0.981747066492829
"788" 1 0.982323232323232 0.982323232323232
"789" 1 0.941542288557214 0.941542288557214
"790" 1 0.934699103713188 0.934699103713188
"791" 1 0.942643391521197 0.942643391521197
"792" 1 0.995043370508054 0.995043370508054
"793" 1 0.987515605493134 0.987515605493134
"794" 1 0.933997509339975 0.933997509339975
"795" 1 0.940813810110974 0.940813810110974
"796" 1 0.949622166246851 0.949622166246851
"797" 1 0.982779827798278 0.982779827798278
"798" 1 0.966207759699625 0.966207759699625
"799" 1 0.937817258883249 0.937817258883249
"800" 1 0.971902937420179 0.971902937420179
"801" 1 0.898623279098874 0.898623279098874
"802" 1 0.953786906290116 0.953786906290116
"803" 1 0.932515337423313 0.932515337423313
"804" 1 0.864556962025317 0.864556962025317
"805" 1 0.939774153074028 0.939774153074028
"806" 1 0.960358056265985 0.960358056265985
"807" 1 0.97747183979975 0.97747183979975
"808" 1 0.988847583643123 0.988847583643123
"809" 1 0.993788819875776 0.993788819875776
"810" 1 0.974233128834356 0.974233128834356
"811" 1 1 1
"812" 1 0.946564885496183 0.946564885496183
"813" 1 0.998765432098765 0.998765432098765
"814" 1 0.968112244897959 0.968112244897959
"815" 1 0.973848069738481 0.973848069738481
"816" 1 0.986503067484663 0.986503067484663
"817" 1 0.950433705080545 0.950433705080545
"818" 1 0.923926380368098 0.923926380368098
"819" 1 0.954943679599499 0.954943679599499
"820" 1 0.988957055214724 0.988957055214724
"821" 1 0.9757343550447 0.9757343550447
"822" 1 0.992297817715019 0.992297817715019
"823" 1 0.910828025477707 0.910828025477707
"824" 1 0.954430379746835 0.954430379746835
"825" 1 0.984924623115578 0.984924623115578
"826" 1 0.943589743589744 0.943589743589744
"827" 1 0.990208078335373 0.990208078335373
"828" 1 0.965389369592089 0.965389369592089
"829" 1 0.987864077669903 0.987864077669903
"830" 1 0.987468671679198 0.987468671679198
"831" 1 0.900246305418719 0.900246305418719
"832" 1 0.99009900990099 0.99009900990099
"833" 1 0.980595084087969 0.980595084087969
"834" 1 0.978508217446271 0.978508217446271
"835" 0.981 0.982758620689655 0.961822660098522
"836" 1 0.991150442477876 0.991150442477876
"837" 1 0.95273631840796 0.95273631840796
"838" 1 0.988693467336683 0.988693467336683
"839" 1 0.963244613434727 0.963244613434727
"840" 1 0.9825 0.9825
"841" 1 0.956467661691542 0.956467661691542
"842" 1 0.982565379825654 0.982565379825654
"843" 1 0.9475 0.9475
"844" 1 0.919642857142857 0.919642857142857
"845" 1 0.925187032418953 0.925187032418953
"846" 1 0.978508217446271 0.978508217446271
"847" 1 0.975031210986267 0.975031210986267
"848" 1 0.974905897114178 0.974905897114178
"849" 1 0.97979797979798 0.97979797979798
"850" 1 0.967213114754098 0.967213114754098
"851" 1 0.976485148514851 0.976485148514851
"852" 1 0.99749373433584 0.99749373433584
"853" 1 0.960542540073983 0.960542540073983
"854" 1 0.960542540073983 0.960542540073983
"855" 1 0.985436893203884 0.985436893203884
"856" 1 0.988875154511743 0.988875154511743
"857" 1 0.99234693877551 0.99234693877551
"858" 1 0.9449423815621 0.9449423815621
"859" 1 0.929214929214929 0.929214929214929
"860" 1 1 1
"861" 1 0.966963151207116 0.966963151207116
"862" 1 0.933583959899749 0.933583959899749
"863" 1 1 1
"864" 1 0.912019826517968 0.912019826517968
"865" 1 0.991432068543452 0.991432068543452
"866" 1 0.978696741854637 0.978696741854637
"867" 1 0.954659949622166 0.954659949622166
"868" 1 0.998777506112469 0.998777506112469
"869" 1 0.947435897435897 0.947435897435897
"870" 1 0.93040293040293 0.93040293040293
"871" 1 0.979721166032953 0.979721166032953
"872" 1 0.985842985842986 0.985842985842986
"873" 1 0.994936708860759 0.994936708860759
"874" 1 0.949431099873578 0.949431099873578
"875" 1 0.998737373737374 0.998737373737374
"876" 1 0.974842767295597 0.974842767295597
"877" 1 0.987341772151899 0.987341772151899
"878" 1 0.953459119496855 0.953459119496855
"879" 1 0.928395061728395 0.928395061728395
"880" 1 0.973618090452261 0.973618090452261
"881" 0.953 0.964868255959849 0.917189460476788
"882" 1 0.969549330085262 0.969549330085262
"883" 1 0.967821782178218 0.967821782178218
"884" 1 0.922784810126582 0.922784810126582
"885" 1 0.99383477188656 0.99383477188656
"886" 1 0.97799511002445 0.97799511002445
"887" 1 0.990111248454883 0.990111248454883
"888" 1 0.980440097799511 0.980440097799511
"889" 1 0.975062344139651 0.975062344139651
"890" 1 0.971321695760598 0.971321695760598
"891" 1 0.989221556886228 0.989221556886228
"892" 1 0.972939729397294 0.972939729397294
"893" NA NA NA
"894" 1 0.96401028277635 0.96401028277635
"895" 1 0.928311057108141 0.928311057108141
"896" 1 0.961201501877347 0.961201501877347
"897" 1 0.985842985842986 0.985842985842986
"898" 1 0.962593516209476 0.962593516209476
"899" 1 0.976629766297663 0.976629766297663
"900" 1 0.970625798212005 0.970625798212005
"901" 1 0.944987775061125 0.944987775061125
"902" 1 0.962453066332916 0.962453066332916
"903" 0.98 0.987357774968394 0.968394437420986
"904" 1 0.956359102244389 0.956359102244389
"905" 1 0.911910669975186 0.911910669975186
"906" 1 0.955808080808081 0.955808080808081
"907" 1 0.935960591133005 0.935960591133005
"908" 1 0.977272727272727 0.977272727272727
"909" 1 0.992537313432836 0.992537313432836
"910" 0.977 0.974424552429668 0.948849104859335
"911" 1 0.996319018404908 0.996319018404908
"912" 1 1 1
"913" 1 0.966165413533835 0.966165413533835
"914" 1 0.99876390605686 0.99876390605686
"915" 1 0.975216852540273 0.975216852540273
"916" 0.978 0.977215189873418 0.956962025316456
"917" 1 0.99 0.99
"918" 1 0.970663265306122 0.970663265306122
"919" 1 0.944091486658196 0.944091486658196
"920" 1 0.990049751243781 0.990049751243781
"921" 1 0.9875 0.9875
"922" 1 0.932182490752158 0.932182490752158
"923" 1 1 1
"924" 1 0.970149253731343 0.970149253731343
"925" 1 0.991282689912827 0.991282689912827
"926" 1 0.959697732997481 0.959697732997481
"927" 1 0.977941176470588 0.977941176470588
"928" 1 0.956363636363636 0.956363636363636
"929" 1 0.982165605095541 0.982165605095541
"930" 1 0.938347718865598 0.938347718865598
"931" 1 0.928039702233251 0.928039702233251
"932" 1 0.891595615103532 0.891595615103532
"933" 1 0.990291262135922 0.990291262135922
"934" 1 0.932752179327522 0.932752179327522
"935" 1 0.988157894736842 0.988157894736842
"936" 1 0.900369003690037 0.900369003690037
"937" 1 0.975062344139651 0.975062344139651
"938" 1 0.962332928311057 0.962332928311057
"939" 1 0.99625468164794 0.99625468164794
"940" 1 0.984829329962073 0.984829329962073
"941" 1 0.99125 0.99125
"942" 1 0.965 0.965
"943" 1 0.951040391676867 0.951040391676867
"944" 1 0.962686567164179 0.962686567164179
"945" 1 0.990062111801242 0.990062111801242
"946" 1 1 1
"947" 1 0.934386391251519 0.934386391251519
"948" 1 0.949874686716792 0.949874686716792
"949" 1 0.962825278810409 0.962825278810409
"950" 1 0.955752212389381 0.955752212389381
"951" 1 0.927860696517413 0.927860696517413
"952" 1 0.94921875 0.94921875
"953" 1 1 1
"954" 1 0.953028430160692 0.953028430160692
"955" 1 0.991105463786531 0.991105463786531
"956" 1 0.930904522613065 0.930904522613065
"957" 1 0.911439114391144 0.911439114391144
"958" 1 0.98505603985056 0.98505603985056
"959" 1 0.945879458794588 0.945879458794588
"960" 1 0.987389659520807 0.987389659520807
"961" 1 0.97442143727162 0.97442143727162
"962" 1 0.955223880597015 0.955223880597015
"963" 1 0.963930348258706 0.963930348258706
"964" 1 0.969362745098039 0.969362745098039
"965" 1 0.961728395061728 0.961728395061728
"966" 1 0.920099875156055 0.920099875156055
"967" 1 0.969325153374233 0.969325153374233
"968" 1 0.987212276214834 0.987212276214834
"969" 1 0.969504447268107 0.969504447268107
"970" 1 0.935768261964736 0.935768261964736
"971" 1 0.933915211970075 0.933915211970075
"972" 1 0.976893453145058 0.976893453145058
"973" 1 0.970700636942675 0.970700636942675
"974" 1 0.997512437810945 0.997512437810945
"975" 1 0.998709677419355 0.998709677419355
"976" 1 0.98046398046398 0.98046398046398
"977" 1 0.957854406130268 0.957854406130268
"978" 1 0.929736511919699 0.929736511919699
"979" 1 0.990184049079755 0.990184049079755
"980" 1 0.982278481012658 0.982278481012658
"981" 1 0.995067817509248 0.995067817509248
"982" 1 0.993917274939173 0.993917274939173
"983" 1 0.982165605095541 0.982165605095541
"984" 1 0.98375 0.98375
"985" 1 0.967295597484277 0.967295597484277
"986" 1 0.978316326530612 0.978316326530612
"987" 1 0.970886075949367 0.970886075949367
"988" 1 0.982142857142857 0.982142857142857
"989" 1 0.972584856396867 0.972584856396867
"990" 1 0.950757575757576 0.950757575757576
"991" 1 0.996268656716418 0.996268656716418
"992" 1 0.935444579780755 0.935444579780755
"993" 1 0.941176470588235 0.941176470588235
"994" 1 0.976572133168927 0.976572133168927
"995" 1 0.923913043478261 0.923913043478261
"996" 1 0.975186104218362 0.975186104218362
"997" 1 0.956683168316832 0.956683168316832
"998" 1 0.874843554443054 0.874843554443054
"999" 1 0.988984088127295 0.988984088127295
"1000" 1 0.968905472636816 0.968905472636816
