"V1" "V2" "V3"
"1" 1 0.991547545059043 0.991547545059043
"2" 1 0.996106994851187 0.996106994851187
"3" 1 0.983828506957503 0.983828506957503
"4" 1 0.996234467177106 0.996234467177106
"5" NA NA NA
"6" 1 0.99289970838088 0.99289970838088
"7" 1 0.96131911728242 0.96131911728242
"8" 1 0.988748593574197 0.988748593574197
"9" 1 0.997868071231502 0.997868071231502
"10" 1 0.988465396188566 0.988465396188566
"11" 1 0.992876780804799 0.992876780804799
"12" 1 0.983308232931727 0.983308232931727
"13" 1 0.987360780878488 0.987360780878488
"14" 1 0.972760214919405 0.972760214919405
"15" NA NA NA
"16" 1 0.988380809595202 0.988380809595202
"17" 1 0.977727444318611 0.977727444318611
"18" 1 0.972047343238479 0.972047343238479
"19" 1 0.979140799602682 0.979140799602682
"20" 1 0.970890840652447 0.970890840652447
"21" 1 0.989439275836057 0.989439275836057
"22" 1 0.96367977881111 0.96367977881111
"23" 1 0.991280518186348 0.991280518186348
"24" 1 0.993065874195146 0.993065874195146
"25" NA NA NA
"26" 1 0.994395316975962 0.994395316975962
"27" 1 0.981259370314843 0.981259370314843
"28" 1 0.985539765644478 0.985539765644478
"29" 1 0.998755444928438 0.998755444928438
"30" 1 0.994237755229863 0.994237755229863
"31" NA NA NA
"32" 1 0.995420225275405 0.995420225275405
"33" 1 0.99737663960025 0.99737663960025
"34" 1 0.984099161136847 0.984099161136847
"35" 1 0.982336111456649 0.982336111456649
"36" 1 0.985903193612774 0.985903193612774
"37" NA NA NA
"38" 1 0.998233438485804 0.998233438485804
"39" 1 0.978987939823449 0.978987939823449
"40" 1 0.995177664974619 0.995177664974619
"41" 1 0.999496348526819 0.999496348526819
"42" 1 0.969021533811863 0.969021533811863
"43" 1 0.980645972100038 0.980645972100038
"44" 1 0.989562374245473 0.989562374245473
"45" 1 0.961180904522613 0.961180904522613
"46" 1 0.994110275689223 0.994110275689223
"47" 1 0.966858429214607 0.966858429214607
"48" 1 0.989337681886603 0.989337681886603
"49" 1 0.999624060150376 0.999624060150376
"50" 1 0.9915243674436 0.9915243674436
"51" 1 0.975243810952738 0.975243810952738
"52" 1 0.98732747804266 0.98732747804266
"53" 1 0.998630478087649 0.998630478087649
"54" 1 0.974494283201407 0.974494283201407
"55" NA NA NA
"56" 1 0.996970462004544 0.996970462004544
"57" 1 0.986970684039088 0.986970684039088
"58" 1 0.963996511772767 0.963996511772767
"59" 1 0.99405425492382 0.99405425492382
"60" 1 0.980224209598186 0.980224209598186
"61" NA NA NA
"62" 1 0.996129837702871 0.996129837702871
"63" 1 0.981865932966483 0.981865932966483
"64" 1 0.984013987760709 0.984013987760709
"65" 1 0.976870576339737 0.976870576339737
"66" 1 0.986432661189943 0.986432661189943
"67" 1 0.973776662484316 0.973776662484316
"68" 1 0.993863494051346 0.993863494051346
"69" 1 0.968305465435488 0.968305465435488
"70" 1 0.985388587983373 0.985388587983373
"71" 1 0.991495747873937 0.991495747873937
"72" NA NA NA
"73" 1 0.987185929648241 0.987185929648241
"74" 1 0.974524667577979 0.974524667577979
"75" 1 0.980379826436926 0.980379826436926
"76" 1 0.975731798849137 0.975731798849137
"77" 1 0.977195840120286 0.977195840120286
"78" 1 0.999248779266308 0.999248779266308
"79" 1 0.984744279104664 0.984744279104664
"80" 1 0.997373358348968 0.997373358348968
"81" 1 0.971122728404282 0.971122728404282
"82" 1 0.98773927186288 0.98773927186288
"83" 1 0.998247809762203 0.998247809762203
"84" 1 0.994607474291447 0.994607474291447
"85" 1 0.995380197278062 0.995380197278062
"86" 1 0.976110068792996 0.976110068792996
"87" 1 0.993771022798057 0.993771022798057
"88" 1 0.983548913725983 0.983548913725983
"89" 1 0.996512641673932 0.996512641673932
"90" 1 0.984310279904607 0.984310279904607
"91" 1 0.976184538653367 0.976184538653367
"92" 1 0.981786207762844 0.981786207762844
"93" 1 0.971766169154229 0.971766169154229
"94" 1 0.990753467449706 0.990753467449706
"95" 1 0.999749058971142 0.999749058971142
"96" 1 0.967350037965072 0.967350037965072
"97" 1 0.996496496496497 0.996496496496497
"98" 1 0.996649708400546 0.996649708400546
"99" 1 0.987963767216776 0.987963767216776
"100" 1 0.991446634436594 0.991446634436594
"101" 1 0.998004738745479 0.998004738745479
"102" 1 0.99638268679057 0.99638268679057
"103" 1 0.994093993465695 0.994093993465695
"104" 1 0.994763092269327 0.994763092269327
"105" 1 0.986967418546366 0.986967418546366
"106" 1 0.996628371628372 0.996628371628372
"107" 1 0.988759835144249 0.988759835144249
"108" 1 0.991007868115399 0.991007868115399
"109" 1 0.981943573667712 0.981943573667712
"110" 1 0.989895162308955 0.989895162308955
"111" NA NA NA
"112" 1 0.994260761072988 0.994260761072988
"113" 1 0.959879260470381 0.959879260470381
"114" 1 0.96611020459395 0.96611020459395
"115" 1 0.991702288156902 0.991702288156902
"116" 1 0.986703462117411 0.986703462117411
"117" 1 0.999875451488355 0.999875451488355
"118" 1 0.984042553191489 0.984042553191489
"119" 1 0.974100361100735 0.974100361100735
"120" 1 0.99185667752443 0.99185667752443
"121" 1 0.979404746954665 0.979404746954665
"122" 1 0.995385958348921 0.995385958348921
"123" 1 0.999376325308719 0.999376325308719
"124" 1 0.985440517670483 0.985440517670483
"125" 1 0.990471414242728 0.990471414242728
"126" 1 0.996380881068264 0.996380881068264
"127" 1 0.983510306058713 0.983510306058713
"128" 1 0.998873168899462 0.998873168899462
"129" 1 0.991330195689869 0.991330195689869
"130" 1 0.989034267912773 0.989034267912773
"131" 1 0.99863608183509 0.99863608183509
"132" 1 0.993928128872367 0.993928128872367
"133" 1 0.970469459868753 0.970469459868753
"134" 1 0.978225503691653 0.978225503691653
"135" 1 0.977362691736764 0.977362691736764
"136" 1 0.998119122257053 0.998119122257053
"137" 1 0.999750124937531 0.999750124937531
"138" 1 0.989481499814379 0.989481499814379
"139" 1 1 1
"140" 1 0.971058260978986 0.971058260978986
"141" 1 0.967340195704664 0.967340195704664
"142" 1 0.990490490490491 0.990490490490491
"143" 1 0.993882646691636 0.993882646691636
"144" 1 0.988673139158576 0.988673139158576
"145" NA NA NA
"146" 1 0.997502185587611 0.997502185587611
"147" 1 0.998012669233636 0.998012669233636
"148" NA NA NA
"149" 1 0.964428857715431 0.964428857715431
"150" 1 0.95888527868033 0.95888527868033
"151" 1 0.975415942388875 0.975415942388875
"152" 1 0.997979032461791 0.997979032461791
"153" 1 0.977193419740778 0.977193419740778
"154" 1 0.995023018539256 0.995023018539256
"155" NA NA NA
"156" 1 0.968033095148552 0.968033095148552
"157" 1 0.98339734853178 0.98339734853178
"158" 1 0.967701236437043 0.967701236437043
"159" 1 0.981075697211155 0.981075697211155
"160" 1 0.995268924302789 0.995268924302789
"161" 1 0.975603621730382 0.975603621730382
"162" 1 0.998364779874214 0.998364779874214
"163" 1 0.992768079800499 0.992768079800499
"164" 1 0.99215930304916 0.99215930304916
"165" 1 0.980216498693542 0.980216498693542
"166" 1 0.99813200498132 0.99813200498132
"167" 1 0.990894349507297 0.990894349507297
"168" 1 0.978897715988083 0.978897715988083
"169" 1 0.985031807409255 0.985031807409255
"170" 1 0.996384490711881 0.996384490711881
"171" 1 0.97875265591801 0.97875265591801
"172" 1 0.992502811445708 0.992502811445708
"173" 1 0.997861366209586 0.997861366209586
"174" 1 0.997267080745342 0.997267080745342
"175" 1 0.993880354689647 0.993880354689647
"176" 1 0.98820281124498 0.98820281124498
"177" 1 0.989991350549858 0.989991350549858
"178" 1 0.997489959839357 0.997489959839357
"179" 1 0.97930174563591 0.97930174563591
"180" 1 0.989945959532487 0.989945959532487
"181" 1 0.971125961417224 0.971125961417224
"182" 1 0.993348393574297 0.993348393574297
"183" NA NA NA
"184" 1 0.969738651994498 0.969738651994498
"185" 1 0.993820933165195 0.993820933165195
"186" 1 0.995402013172611 0.995402013172611
"187" 1 0.999377334993773 0.999377334993773
"188" 1 0.978304742684157 0.978304742684157
"189" 1 0.982917705735661 0.982917705735661
"190" 1 0.99478519990067 0.99478519990067
"191" 1 0.991463565507856 0.991463565507856
"192" 1 0.973361417420394 0.973361417420394
"193" 1 0.963366336633663 0.963366336633663
"194" NA NA NA
"195" 1 0.952326757713708 0.952326757713708
"196" 1 0.99360982333041 0.99360982333041
"197" 1 0.992472713586752 0.992472713586752
"198" 1 0.998131772325321 0.998131772325321
"199" 1 0.994993742177722 0.994993742177722
"200" NA NA NA
"201" 1 0.969757560609848 0.969757560609848
"202" 1 0.997997246213544 0.997997246213544
"203" 1 0.996370008762048 0.996370008762048
"204" 1 0.986753311672082 0.986753311672082
"205" 1 0.982587999498935 0.982587999498935
"206" 1 0.993246623311656 0.993246623311656
"207" 1 0.988905509847918 0.988905509847918
"208" NA NA NA
"209" 1 0.990770765777002 0.990770765777002
"210" 1 0.970237347733266 0.970237347733266
"211" 1 0.996477101157524 0.996477101157524
"212" 1 0.972515856236786 0.972515856236786
"213" 1 0.996642626212385 0.996642626212385
"214" 1 0.981101579012806 0.981101579012806
"215" 1 0.998996235884567 0.998996235884567
"216" 1 0.99514079242462 0.99514079242462
"217" 1 0.986081504702194 0.986081504702194
"218" 1 0.990327848260269 0.990327848260269
"219" 1 0.980002515406867 0.980002515406867
"220" 1 0.963078070611636 0.963078070611636
"221" 1 0.979952386918932 0.979952386918932
"222" 1 0.994863442746179 0.994863442746179
"223" 1 0.999748617395676 0.999748617395676
"224" 1 0.995824370492218 0.995824370492218
"225" NA NA NA
"226" 1 0.958759033142288 0.958759033142288
"227" 1 0.995154677599702 0.995154677599702
"228" 1 0.995358755644757 0.995358755644757
"229" 1 0.977930174563591 0.977930174563591
"230" 1 0.951966152314584 0.951966152314584
"231" NA NA NA
"232" 1 0.990193613276339 0.990193613276339
"233" 1 0.98287071767942 0.98287071767942
"234" 1 0.974529485570891 0.974529485570891
"235" NA NA NA
"236" 1 0.997495303694427 0.997495303694427
"237" 1 0.96531576330184 0.96531576330184
"238" 1 0.996503059822655 0.996503059822655
"239" 1 0.998870198342958 0.998870198342958
"240" 1 0.980646772381071 0.980646772381071
"241" 1 0.987863777089783 0.987863777089783
"242" 1 0.978649019852666 0.978649019852666
"243" 1 0.997368091239504 0.997368091239504
"244" 1 0.979794176706827 0.979794176706827
"245" 1 0.990808595205565 0.990808595205565
"246" 1 0.974739223325374 0.974739223325374
"247" 1 0.984989455402556 0.984989455402556
"248" 1 0.990339982436332 0.990339982436332
"249" 1 0.982198431470185 0.982198431470185
"250" 1 0.973615105664624 0.973615105664624
"251" 1 0.970884658454647 0.970884658454647
"252" 1 0.998380465927495 0.998380465927495
"253" 1 0.991592420629941 0.991592420629941
"254" 1 0.980357813086451 0.980357813086451
"255" 1 0.982511323603422 0.982511323603422
"256" NA NA NA
"257" 1 0.989868287740628 0.989868287740628
"258" 1 0.993125859267592 0.993125859267592
"259" 1 0.968079800498753 0.968079800498753
"260" 1 0.993344217003642 0.993344217003642
"261" 1 0.985452721344369 0.985452721344369
"262" 1 0.979591836734694 0.979591836734694
"263" NA NA NA
"264" 1 0.992888334373051 0.992888334373051
"265" 1 0.979452054794521 0.979452054794521
"266" 1 0.976787719955073 0.976787719955073
"267" 1 0.984951091045899 0.984951091045899
"268" 1 0.983504898920997 0.983504898920997
"269" 1 0.959939721210599 0.959939721210599
"270" NA NA NA
"271" 1 0.986464469231733 0.986464469231733
"272" 1 0.968922305764411 0.968922305764411
"273" 1 0.995626640009996 0.995626640009996
"274" 1 0.978331663326653 0.978331663326653
"275" 1 0.975141242937853 0.975141242937853
"276" 1 0.997118516662491 0.997118516662491
"277" 1 0.994313874147081 0.994313874147081
"278" 1 0.979924717691342 0.979924717691342
"279" 1 0.976554663991976 0.976554663991976
"280" 1 0.997374015255721 0.997374015255721
"281" 1 0.994749343667959 0.994749343667959
"282" 1 0.985503624093977 0.985503624093977
"283" 1 0.988587910709807 0.988587910709807
"284" 1 0.988751406074241 0.988751406074241
"285" 1 0.984142965013843 0.984142965013843
"286" 1 0.998511166253102 0.998511166253102
"287" 1 0.963078070611636 0.963078070611636
"288" 1 0.982312925170068 0.982312925170068
"289" 1 0.988846201511959 0.988846201511959
"290" 1 0.96474559319915 0.96474559319915
"291" 1 0.971496437054632 0.971496437054632
"292" 1 0.984580669424596 0.984580669424596
"293" 1 0.997233748271093 0.997233748271093
"294" 1 0.994648413192284 0.994648413192284
"295" 1 0.994274334080159 0.994274334080159
"296" 1 0.983844911147011 0.983844911147011
"297" 1 0.993878060969515 0.993878060969515
"298" 1 0.984912718204489 0.984912718204489
"299" 1 0.999498432601881 0.999498432601881
"300" 1 0.994020926756353 0.994020926756353
"301" 1 0.987660476131123 0.987660476131123
"302" 1 0.986467861170279 0.986467861170279
"303" NA NA NA
"304" 1 0.987592430129089 0.987592430129089
"305" 1 0.996126936531734 0.996126936531734
"306" 1 0.994608826479438 0.994608826479438
"307" 1 0.996123546329874 0.996123546329874
"308" 1 0.986580516898608 0.986580516898608
"309" 1 0.997099621689786 0.997099621689786
"310" 1 0.982579270585286 0.982579270585286
"311" 1 0.9937741252646 0.9937741252646
"312" 1 0.984748093511689 0.984748093511689
"313" 1 0.998248467408983 0.998248467408983
"314" 1 0.987622230474069 0.987622230474069
"315" NA NA NA
"316" 1 0.975563909774436 0.975563909774436
"317" 1 0.984517417904857 0.984517417904857
"318" 1 0.997028599727622 0.997028599727622
"319" 1 0.99701974419471 0.99701974419471
"320" 1 0.97473420888055 0.97473420888055
"321" NA NA NA
"322" 1 0.988360450563204 0.988360450563204
"323" 1 0.993765586034913 0.993765586034913
"324" NA NA NA
"325" 1 0.973654638531652 0.973654638531652
"326" 1 0.996752435673245 0.996752435673245
"327" 1 0.997114540208255 0.997114540208255
"328" 1 0.97717868338558 0.97717868338558
"329" 1 0.972101673899566 0.972101673899566
"330" NA NA NA
"331" 1 0.995281261641624 0.995281261641624
"332" 1 0.991526479750779 0.991526479750779
"333" 1 0.999375 0.999375
"334" 1 0.980343368997263 0.980343368997263
"335" 1 0.999622499056248 0.999622499056248
"336" 1 0.996740629309264 0.996740629309264
"337" 1 0.98239920109849 0.98239920109849
"338" 1 0.979689067201605 0.979689067201605
"339" 1 0.998385293752329 0.998385293752329
"340" NA NA NA
"341" 1 0.983838886126305 0.983838886126305
"342" 1 0.998004240987901 0.998004240987901
"343" 1 0.994413407821229 0.994413407821229
"344" 1 0.992238357536304 0.992238357536304
"345" 1 0.95506454816286 0.95506454816286
"346" 1 0.99078226208271 0.99078226208271
"347" 1 0.986306485746297 0.986306485746297
"348" 1 0.994633050424363 0.994633050424363
"349" 1 0.998629283489097 0.998629283489097
"350" 1 0.981032533601306 0.981032533601306
"351" 1 0.996366825357053 0.996366825357053
"352" 1 0.995493803980473 0.995493803980473
"353" 1 0.992140718562874 0.992140718562874
"354" 1 0.989665047939235 0.989665047939235
"355" 1 0.998995479658463 0.998995479658463
"356" 1 0.973773799016518 0.973773799016518
"357" 1 0.976581089542893 0.976581089542893
"358" 1 0.994377108584281 0.994377108584281
"359" 1 0.981576638676526 0.981576638676526
"360" 1 0.967313713212273 0.967313713212273
"361" 1 0.991350131628432 0.991350131628432
"362" 1 0.977048771360858 0.977048771360858
"363" 1 0.973379773603682 0.973379773603682
"364" 1 0.986668343604578 0.986668343604578
"365" 1 0.991209343212357 0.991209343212357
"366" NA NA NA
"367" 1 0.999623257566244 0.999623257566244
"368" 1 0.980786135878438 0.980786135878438
"369" 1 0.986033171218356 0.986033171218356
"370" 1 0.97464401698726 0.97464401698726
"371" 1 0.991638587295645 0.991638587295645
"372" 1 0.991411501120239 0.991411501120239
"373" 1 0.968372556344166 0.968372556344166
"374" 1 0.992632367632368 0.992632367632368
"375" 1 0.986464469231733 0.986464469231733
"376" 1 0.988647704590818 0.988647704590818
"377" NA NA NA
"378" 1 0.999254843517139 0.999254843517139
"379" 1 0.967245905738217 0.967245905738217
"380" 1 0.996620775969962 0.996620775969962
"381" NA NA NA
"382" 1 0.984198083862138 0.984198083862138
"383" 1 0.976228998133167 0.976228998133167
"384" 1 0.995404297602782 0.995404297602782
"385" 1 0.984712900820283 0.984712900820283
"386" 1 0.98307826303347 0.98307826303347
"387" 1 0.997627965043695 0.997627965043695
"388" 1 0.988178198108512 0.988178198108512
"389" 1 0.988482724086129 0.988482724086129
"390" 1 0.994852479598242 0.994852479598242
"391" 1 0.967554179566563 0.967554179566563
"392" 1 0.995511221945137 0.995511221945137
"393" 1 0.978092138207311 0.978092138207311
"394" 1 0.971581702605011 0.971581702605011
"395" 1 0.99812288824928 0.99812288824928
"396" 1 0.984513550643187 0.984513550643187
"397" 1 0.991091593475533 0.991091593475533
"398" 1 0.973818725844658 0.973818725844658
"399" 1 0.996491228070175 0.996491228070175
"400" 1 0.979443469541238 0.979443469541238
"401" 1 0.991700730831166 0.991700730831166
"402" 1 0.989288827998505 0.989288827998505
"403" 1 0.990678926816979 0.990678926816979
"404" 1 0.981027068049583 0.981027068049583
"405" 1 0.98125702861427 0.98125702861427
"406" 1 0.988747186796699 0.988747186796699
"407" 1 0.969135802469136 0.969135802469136
"408" 1 0.997 0.997
"409" 1 0.971339173967459 0.971339173967459
"410" 1 0.986163522012579 0.986163522012579
"411" 1 0.989233850776164 0.989233850776164
"412" 1 0.99838026414154 0.99838026414154
"413" 1 0.994127202299138 0.994127202299138
"414" 1 0.986125126135217 0.986125126135217
"415" 1 0.995626093476631 0.995626093476631
"416" 1 0.992245153220763 0.992245153220763
"417" 1 0.994096219067956 0.994096219067956
"418" 1 0.994871794871795 0.994871794871795
"419" 1 0.983586016789876 0.983586016789876
"420" 1 0.99322714160291 0.99322714160291
"421" 1 0.981683603061096 0.981683603061096
"422" 1 0.962753240216434 0.962753240216434
"423" 1 0.982840089529968 0.982840089529968
"424" NA NA NA
"425" 1 0.988223627122846 0.988223627122846
"426" 1 0.997234791352438 0.997234791352438
"427" 1 0.996488147497805 0.996488147497805
"428" 1 0.996370463078849 0.996370463078849
"429" 1 0.996637608966376 0.996637608966376
"430" 1 0.976217440543601 0.976217440543601
"431" 1 0.986944514185288 0.986944514185288
"432" 1 0.971643663739021 0.971643663739021
"433" 1 0.982732919254658 0.982732919254658
"434" 1 0.993486973947896 0.993486973947896
"435" 1 0.974707436768592 0.974707436768592
"436" 1 0.978461155378486 0.978461155378486
"437" 1 0.978968452679019 0.978968452679019
"438" NA NA NA
"439" NA NA NA
"440" 1 0.981660595402588 0.981660595402588
"441" 1 0.999246987951807 0.999246987951807
"442" 1 0.999257149931905 0.999257149931905
"443" 1 0.981718006511395 0.981718006511395
"444" 1 0.976952784352809 0.976952784352809
"445" 1 0.998999624859322 0.998999624859322
"446" 1 0.970731707317073 0.970731707317073
"447" 1 0.987827599056018 0.987827599056018
"448" 1 0.988010490820532 0.988010490820532
"449" 1 0.953214911183388 0.953214911183388
"450" 1 0.994625 0.994625
"451" NA NA NA
"452" 1 0.973222069996264 0.973222069996264
"453" 1 0.980014988758431 0.980014988758431
"454" 1 0.98001998001998 0.98001998001998
"455" 1 0.983103491116909 0.983103491116909
"456" 1 0.996983408748115 0.996983408748115
"457" 1 0.980677540777917 0.980677540777917
"458" 1 0.998879202988792 0.998879202988792
"459" 1 0.988718977187265 0.988718977187265
"460" 1 0.978555304740406 0.978555304740406
"461" 1 0.97605616146421 0.97605616146421
"462" 1 0.994019436830301 0.994019436830301
"463" 1 0.993891797556719 0.993891797556719
"464" 1 0.984437751004016 0.984437751004016
"465" NA NA NA
"466" 1 0.97876304023845 0.97876304023845
"467" 1 0.9729662077597 0.9729662077597
"468" 1 0.975903614457831 0.975903614457831
"469" 1 0.984674806877648 0.984674806877648
"470" 1 0.990223113562296 0.990223113562296
"471" 1 0.987672955974843 0.987672955974843
"472" 1 0.997002997002997 0.997002997002997
"473" 1 0.955955955955956 0.955955955955956
"474" 1 0.97853488081867 0.97853488081867
"475" 1 0.997252060954284 0.997252060954284
"476" 1 0.992544731610338 0.992544731610338
"477" 1 0.988415545590433 0.988415545590433
"478" 1 0.987753061734566 0.987753061734566
"479" 1 0.987045341305431 0.987045341305431
"480" 1 0.99575 0.99575
"481" 1 0.997610964415944 0.997610964415944
"482" NA NA NA
"483" 1 0.997369409996242 0.997369409996242
"484" 1 0.981520789112249 0.981520789112249
"485" 1 0.995759012099289 0.995759012099289
"486" 1 0.991190536118802 0.991190536118802
"487" 1 0.977610094012865 0.977610094012865
"488" 1 0.965418584401045 0.965418584401045
"489" 1 0.96590343454455 0.96590343454455
"490" 1 1 1
"491" 1 0.986975579211021 0.986975579211021
"492" 1 0.989965312190287 0.989965312190287
"493" 1 0.980897323111726 0.980897323111726
"494" 1 0.992562290814429 0.992562290814429
"495" 1 0.964223602484472 0.964223602484472
"496" 1 0.983061559853369 0.983061559853369
"497" 1 0.975835733066233 0.975835733066233
"498" 1 0.99092039800995 0.99092039800995
"499" 1 0.986970684039088 0.986970684039088
"500" 1 0.972834890965732 0.972834890965732
"501" 1 0.971671034568826 0.971671034568826
"502" 1 0.983429575696711 0.983429575696711
"503" 1 0.989542648355802 0.989542648355802
"504" 1 0.97834522468394 0.97834522468394
"505" 1 0.964588528678304 0.964588528678304
"506" 1 0.999374687343672 0.999374687343672
"507" 1 0.988031417528986 0.988031417528986
"508" 1 0.983426791277259 0.983426791277259
"509" 1 0.984814257028112 0.984814257028112
"510" 1 0.970288304167191 0.970288304167191
"511" 1 0.998257189094983 0.998257189094983
"512" 1 0.983993051247053 0.983993051247053
"513" 1 0.960617082653957 0.960617082653957
"514" 1 0.962266516234173 0.962266516234173
"515" 1 0.992153443766347 0.992153443766347
"516" 1 0.988466842171242 0.988466842171242
"517" 1 0.977942998760843 0.977942998760843
"518" 1 0.969324391455539 0.969324391455539
"519" 1 0.990518962075848 0.990518962075848
"520" 1 0.979960169280558 0.979960169280558
"521" 1 0.989774286070582 0.989774286070582
"522" 1 0.981715716969317 0.981715716969317
"523" 1 0.981867858917039 0.981867858917039
"524" 1 0.986402195608782 0.986402195608782
"525" 1 0.986954901229966 0.986954901229966
"526" 1 0.979851404105276 0.979851404105276
"527" 1 0.985505435461702 0.985505435461702
"528" 1 0.978890831876093 0.978890831876093
"529" 1 0.9832318966588 0.9832318966588
"530" 1 0.990864722813165 0.990864722813165
"531" 1 0.977772196408389 0.977772196408389
"532" NA NA NA
"533" 1 0.992137776113815 0.992137776113815
"534" NA NA NA
"535" 1 0.988230875172155 0.988230875172155
"536" 1 0.98919791407996 0.98919791407996
"537" 1 0.976184475806452 0.976184475806452
"538" 1 0.982104867976474 0.982104867976474
"539" 1 0.986715127208923 0.986715127208923
"540" 1 0.986618309154577 0.986618309154577
"541" 1 1 1
"542" 1 0.993004372267333 0.993004372267333
"543" 1 0.971464174454829 0.971464174454829
"544" 1 0.971936857930343 0.971936857930343
"545" 1 0.998124062031016 0.998124062031016
"546" 1 0.990286425902864 0.990286425902864
"547" 1 0.992682311380268 0.992682311380268
"548" 1 0.992007992007992 0.992007992007992
"549" 1 0.960225140712946 0.960225140712946
"550" 1 0.997888723298559 0.997888723298559
"551" 1 0.969719533382973 0.969719533382973
"552" NA NA NA
"553" 1 0.999375546396903 0.999375546396903
"554" 1 0.972659176029963 0.972659176029963
"555" 1 0.985558652140866 0.985558652140866
"556" NA NA NA
"557" 1 0.984632683658171 0.984632683658171
"558" 1 0.978919795434701 0.978919795434701
"559" 1 0.977349518207984 0.977349518207984
"560" 1 0.991569145589531 0.991569145589531
"561" 1 0.972475916426873 0.972475916426873
"562" NA NA NA
"563" 1 0.949849170437406 0.949849170437406
"564" 1 0.987229247527232 0.987229247527232
"565" 1 0.988121752041574 0.988121752041574
"566" 1 0.982872859107388 0.982872859107388
"567" NA NA NA
"568" 1 0.98870765370138 0.98870765370138
"569" 1 0.998879202988792 0.998879202988792
"570" 1 0.992642474123956 0.992642474123956
"571" 1 0.97616373393236 0.97616373393236
"572" 1 0.998258923019525 0.998258923019525
"573" 1 0.965452261306533 0.965452261306533
"574" 1 0.981281407035176 0.981281407035176
"575" 1 0.992126968257936 0.992126968257936
"576" 1 0.988491368526395 0.988491368526395
"577" 1 0.977314986984009 0.977314986984009
"578" 1 0.989662473533441 0.989662473533441
"579" 1 0.993857339852075 0.993857339852075
"580" 1 0.983101391650099 0.983101391650099
"581" 1 0.990107688454796 0.990107688454796
"582" NA NA NA
"583" 1 0.983237428071053 0.983237428071053
"584" 1 0.969663061046873 0.969663061046873
"585" 1 0.997099621689786 0.997099621689786
"586" 1 0.977126247946417 0.977126247946417
"587" 1 0.993508114856429 0.993508114856429
"588" 1 0.999124014516331 0.999124014516331
"589" 1 0.993142999625982 0.993142999625982
"590" 1 0.997134313481186 0.997134313481186
"591" 1 0.992996498249125 0.992996498249125
"592" 1 0.995383655645664 0.995383655645664
"593" 1 0.993182944967774 0.993182944967774
"594" 1 0.98732747804266 0.98732747804266
"595" 1 0.998748905292131 0.998748905292131
"596" 1 0.974615480805302 0.974615480805302
"597" 1 0.976677831534549 0.976677831534549
"598" 1 0.991521197007481 0.991521197007481
"599" 1 0.998631500373227 0.998631500373227
"600" 1 0.974375157788437 0.974375157788437
"601" 1 0.995836487509463 0.995836487509463
"602" 1 0.993853487205218 0.993853487205218
"603" 1 0.981029138251705 0.981029138251705
"604" 1 0.989617212909682 0.989617212909682
"605" 1 0.998249343503814 0.998249343503814
"606" 1 0.975165356296019 0.975165356296019
"607" 1 0.973246655831979 0.973246655831979
"608" 1 0.981386633354154 0.981386633354154
"609" 1 0.980559387934278 0.980559387934278
"610" 1 0.99549436795995 0.99549436795995
"611" 1 0.984453360080241 0.984453360080241
"612" 1 0.985299613803413 0.985299613803413
"613" 1 0.979396797815564 0.979396797815564
"614" NA NA NA
"615" 1 0.984246061515379 0.984246061515379
"616" NA NA NA
"617" 1 0.999623493975904 0.999623493975904
"618" 1 0.989862327909887 0.989862327909887
"619" 1 0.981754121051969 0.981754121051969
"620" 1 0.982236677508131 0.982236677508131
"621" 1 0.991002249437641 0.991002249437641
"622" 1 0.995500562429696 0.995500562429696
"623" 1 0.989 0.989
"624" 1 0.99749498997996 0.99749498997996
"625" 1 0.986002522068096 0.986002522068096
"626" 1 0.98893447718513 0.98893447718513
"627" 1 0.987454974537325 0.987454974537325
"628" 1 0.985780797785328 0.985780797785328
"629" 1 0.998751716389964 0.998751716389964
"630" 1 0.971104745298294 0.971104745298294
"631" 1 0.978043912175649 0.978043912175649
"632" NA NA NA
"633" 1 0.993210963037465 0.993210963037465
"634" 1 0.983569547221874 0.983569547221874
"635" 1 0.977598008711886 0.977598008711886
"636" 1 0.985141715569984 0.985141715569984
"637" 1 0.992391168766371 0.992391168766371
"638" 1 0.995871387464031 0.995871387464031
"639" 1 0.997616359302472 0.997616359302472
"640" 1 0.965701503665963 0.965701503665963
"641" 1 0.968977876653071 0.968977876653071
"642" 1 0.992523364485981 0.992523364485981
"643" 1 0.973568833771765 0.973568833771765
"644" 1 0.973128358955131 0.973128358955131
"645" 1 0.998996487706974 0.998996487706974
"646" 1 0.97802334243854 0.97802334243854
"647" NA NA NA
"648" 1 0.97086407402776 0.97086407402776
"649" 1 0.993761696818465 0.993761696818465
"650" 1 0.991971901655795 0.991971901655795
"651" 1 0.979880029992502 0.979880029992502
"652" 1 0.972837651771185 0.972837651771185
"653" 1 0.993250843644544 0.993250843644544
"654" 1 0.997236875156996 0.997236875156996
"655" 1 0.996121121121121 0.996121121121121
"656" NA NA NA
"657" 1 0.981370342585646 0.981370342585646
"658" 1 0.981881794327127 0.981881794327127
"659" NA NA NA
"660" 1 0.984187223276407 0.984187223276407
"661" 1 0.989150766928545 0.989150766928545
"662" 1 0.973411559106229 0.973411559106229
"663" 1 0.993266832917706 0.993266832917706
"664" 1 0.999126310534199 0.999126310534199
"665" 1 0.996879680479281 0.996879680479281
"666" 1 0.989041095890411 0.989041095890411
"667" 1 0.977175821419614 0.977175821419614
"668" 1 0.985830721003135 0.985830721003135
"669" 1 0.971934638892354 0.971934638892354
"670" 1 0.982522318621904 0.982522318621904
"671" 1 0.989317582003268 0.989317582003268
"672" 1 0.981188488850131 0.981188488850131
"673" 1 0.98918179557324 0.98918179557324
"674" 1 0.989081325301205 0.989081325301205
"675" 1 0.991622905726432 0.991622905726432
"676" 1 0.980179506357517 0.980179506357517
"677" 1 0.984820206544731 0.984820206544731
"678" 1 0.991897282473199 0.991897282473199
"679" 1 0.990315371244102 0.990315371244102
"680" 1 0.986455981941309 0.986455981941309
"681" 1 0.990197310544175 0.990197310544175
"682" 1 0.995629916344113 0.995629916344113
"683" 1 0.97947361793225 0.97947361793225
"684" 1 0.996623311655828 0.996623311655828
"685" 1 0.997379258704605 0.997379258704605
"686" 1 0.965495449949444 0.965495449949444
"687" NA NA NA
"688" 1 0.987797207195874 0.987797207195874
"689" 1 0.981416373681567 0.981416373681567
"690" 1 0.976199423775523 0.976199423775523
"691" 1 0.988167891393698 0.988167891393698
"692" 1 0.979728028204482 0.979728028204482
"693" 1 0.957441543981195 0.957441543981195
"694" 1 0.995854271356784 0.995854271356784
"695" 1 0.975291609180986 0.975291609180986
"696" 1 0.996866775285123 0.996866775285123
"697" 1 0.976482361771329 0.976482361771329
"698" 1 0.988298269637744 0.988298269637744
"699" 1 0.995909766980664 0.995909766980664
"700" 1 0.986850344395742 0.986850344395742
"701" 1 0.992783376881921 0.992783376881921
"702" 1 0.981139145640769 0.981139145640769
"703" 1 0.988667496886675 0.988667496886675
"704" 1 0.972480522744408 0.972480522744408
"705" 1 0.991291366011446 0.991291366011446
"706" NA NA NA
"707" 1 0.97227426002248 0.97227426002248
"708" 1 0.997740963855422 0.997740963855422
"709" 1 0.998502246630055 0.998502246630055
"710" 1 0.999499499499499 0.999499499499499
"711" 1 0.97302001740644 0.97302001740644
"712" 1 0.987926313169032 0.987926313169032
"713" 1 0.989421281891724 0.989421281891724
"714" NA NA NA
"715" 1 1 1
"716" 1 0.996629634252902 0.996629634252902
"717" 1 0.977485928705441 0.977485928705441
"718" NA NA NA
"719" 1 0.99675 0.99675
"720" 1 0.972619944737503 0.972619944737503
"721" 1 0.999874513740745 0.999874513740745
"722" 1 0.99559304960967 0.99559304960967
"723" 1 0.990067890369625 0.990067890369625
"724" 1 0.997097059194749 0.997097059194749
"725" 1 1 1
"726" 1 0.98265678019354 0.98265678019354
"727" 1 0.995469988674972 0.995469988674972
"728" 1 0.991086001255493 0.991086001255493
"729" 1 0.985875 0.985875
"730" 1 0.995975349012703 0.995975349012703
"731" 1 0.976432242697756 0.976432242697756
"732" 1 0.985842026825633 0.985842026825633
"733" 1 0.995974336394515 0.995974336394515
"734" 1 0.975065453185388 0.975065453185388
"735" 1 0.982289847842355 0.982289847842355
"736" 1 0.975513232747959 0.975513232747959
"737" 1 0.953335808887239 0.953335808887239
"738" 1 0.970644059218018 0.970644059218018
"739" 1 0.982989368355222 0.982989368355222
"740" 1 0.970639899623588 0.970639899623588
"741" 1 0.984089200701579 0.984089200701579
"742" 1 0.980608032028024 0.980608032028024
"743" 1 0.99751274717075 0.99751274717075
"744" 1 0.995901639344262 0.995901639344262
"745" 1 0.981003228209585 0.981003228209585
"746" 1 0.987655860349127 0.987655860349127
"747" 1 0.978516112915313 0.978516112915313
"748" 1 0.972871608951119 0.972871608951119
"749" 1 0.988876390451194 0.988876390451194
"750" 1 0.990288844621514 0.990288844621514
"751" 1 0.96963588257528 0.96963588257528
"752" 1 0.993331655762456 0.993331655762456
"753" 1 0.990718675529913 0.990718675529913
"754" 1 0.993671671423254 0.993671671423254
"755" 1 0.996144758114662 0.996144758114662
"756" 1 0.981995498874719 0.981995498874719
"757" 1 0.985262894966904 0.985262894966904
"758" 1 0.994132334581773 0.994132334581773
"759" 1 0.994241362043065 0.994241362043065
"760" 1 0.981858570899667 0.981858570899667
"761" 1 0.996357699070585 0.996357699070585
"762" 1 0.9518222666001 0.9518222666001
"763" 1 0.970558882235529 0.970558882235529
"764" 1 0.961080813088746 0.961080813088746
"765" 1 0.975833857772184 0.975833857772184
"766" 1 0.982917705735661 0.982917705735661
"767" 1 0.979964938642625 0.979964938642625
"768" 1 0.993025283347864 0.993025283347864
"769" 1 0.99044665012407 0.99044665012407
"770" 1 0.982100683654444 0.982100683654444
"771" 1 0.999248308694563 0.999248308694563
"772" 1 0.979627766599598 0.979627766599598
"773" 1 0.988467874794069 0.988467874794069
"774" 1 0.998129209279122 0.998129209279122
"775" 1 0.990221887927792 0.990221887927792
"776" 1 0.993239859789685 0.993239859789685
"777" 1 0.981580584940884 0.981580584940884
"778" 1 0.990730301891519 0.990730301891519
"779" 1 0.994117647058824 0.994117647058824
"780" 1 0.993354231974922 0.993354231974922
"781" 1 0.994593235257136 0.994593235257136
"782" 1 0.970701907492831 0.970701907492831
"783" 1 0.996114801353553 0.996114801353553
"784" 1 0.997994484833292 0.997994484833292
"785" 1 0.998108448928121 0.998108448928121
"786" 1 0.986928104575163 0.986928104575163
"787" 1 0.991742774928062 0.991742774928062
"788" 1 0.997872606682518 0.997872606682518
"789" 1 0.995609633718013 0.995609633718013
"790" 1 0.97929658268895 0.97929658268895
"791" 1 0.989032901296112 0.989032901296112
"792" 1 0.978087397086764 0.978087397086764
"793" 1 0.986763236763237 0.986763236763237
"794" 1 0.992218875502008 0.992218875502008
"795" NA NA NA
"796" 1 0.98283155013685 0.98283155013685
"797" 1 0.991925465838509 0.991925465838509
"798" 1 0.996145716772349 0.996145716772349
"799" 1 0.996885511399028 0.996885511399028
"800" 1 0.985710735586481 0.985710735586481
"801" 1 0.996735308890005 0.996735308890005
"802" 1 0.97738409347908 0.97738409347908
"803" 1 0.99125 0.99125
"804" 1 0.96650539635281 0.96650539635281
"805" 1 0.989946630259402 0.989946630259402
"806" 1 0.973430254417847 0.973430254417847
"807" 1 0.988852705410822 0.988852705410822
"808" 1 0.972326571500125 0.972326571500125
"809" 1 0.993914555389965 0.993914555389965
"810" 1 0.989520202020202 0.989520202020202
"811" 1 0.992493431752784 0.992493431752784
"812" NA NA NA
"813" 1 0.999749027481491 0.999749027481491
"814" 1 0.971475245036441 0.971475245036441
"815" 1 0.97966612275637 0.97966612275637
"816" 1 0.991864831038799 0.991864831038799
"817" NA NA NA
"818" 1 0.984774128601988 0.984774128601988
"819" 1 0.997862710585869 0.997862710585869
"820" 1 0.967826412270857 0.967826412270857
"821" 1 0.99838889577395 0.99838889577395
"822" 1 0.984802813363477 0.984802813363477
"823" 1 0.999500124968758 0.999500124968758
"824" 1 0.974881870181547 0.974881870181547
"825" 1 0.960399750156152 0.960399750156152
"826" 1 0.977278370995779 0.977278370995779
"827" 1 0.993330816660375 0.993330816660375
"828" 1 0.977852432499689 0.977852432499689
"829" 1 0.996757296083811 0.996757296083811
"830" NA NA NA
"831" 1 0.996712605892022 0.996712605892022
"832" 1 0.99397439116244 0.99397439116244
"833" 1 0.989457831325301 0.989457831325301
"834" 1 0.995752123938031 0.995752123938031
"835" 1 0.992625 0.992625
"836" 1 0.996993611424277 0.996993611424277
"837" 1 0.995761655447519 0.995761655447519
"838" 1 0.998149290561382 0.998149290561382
"839" 1 0.980508048289738 0.980508048289738
"840" 1 0.991100526447731 0.991100526447731
"841" 1 0.963144039112448 0.963144039112448
"842" 1 0.991359879789632 0.991359879789632
"843" 1 0.968244084682441 0.968244084682441
"844" 1 0.990978744438952 0.990978744438952
"845" 1 0.981890845510179 0.981890845510179
"846" 1 0.970613980242591 0.970613980242591
"847" 1 0.978544542032622 0.978544542032622
"848" 1 0.989926970536389 0.989926970536389
"849" 1 0.988432835820895 0.988432835820895
"850" 1 0.978260869565217 0.978260869565217
"851" 1 0.994123530882721 0.994123530882721
"852" 1 0.982782283218964 0.982782283218964
"853" 1 0.993191384005942 0.993191384005942
"854" 1 0.992787863715494 0.992787863715494
"855" 1 0.980634682658671 0.980634682658671
"856" 1 0.963559216273555 0.963559216273555
"857" 1 0.97830399206546 0.97830399206546
"858" 1 0.974706971005552 0.974706971005552
"859" 1 0.986701466567238 0.986701466567238
"860" 1 0.969452377995778 0.969452377995778
"861" 1 0.98921665840357 0.98921665840357
"862" NA NA NA
"863" 1 0.993089584118608 0.993089584118608
"864" 1 0.987625 0.987625
"865" 1 0.994911257291796 0.994911257291796
"866" NA NA NA
"867" 1 0.975040762573686 0.975040762573686
"868" 1 0.993357563604462 0.993357563604462
"869" 1 0.993747655370764 0.993747655370764
"870" 1 0.968396167724275 0.968396167724275
"871" 1 0.98625 0.98625
"872" 1 0.981988742964353 0.981988742964353
"873" 1 0.975319468804811 0.975319468804811
"874" 1 0.988081796512357 0.988081796512357
"875" 1 0.974675648702595 0.974675648702595
"876" 1 0.98489765351972 0.98489765351972
"877" 1 0.999627143922446 0.999627143922446
"878" NA NA NA
"879" 1 0.973010121204548 0.973010121204548
"880" 1 0.983586016789876 0.983586016789876
"881" 1 0.979772755649894 0.979772755649894
"882" 1 0.971453502867115 0.971453502867115
"883" 1 0.996134181319366 0.996134181319366
"884" 1 0.975200400801603 0.975200400801603
"885" 1 0.983524712930604 0.983524712930604
"886" 1 0.991138292561158 0.991138292561158
"887" 1 0.991885143570537 0.991885143570537
"888" NA NA NA
"889" 1 0.98918179557324 0.98918179557324
"890" NA NA NA
"891" 1 0.992114156965828 0.992114156965828
"892" 1 0.993265993265993 0.993265993265993
"893" 1 0.997245868803205 0.997245868803205
"894" 1 0.993601806548739 0.993601806548739
"895" NA NA NA
"896" 1 0.997136454183267 0.997136454183267
"897" 1 0.998876825159116 0.998876825159116
"898" 1 0.974285714285714 0.974285714285714
"899" 1 0.980615307653827 0.980615307653827
"900" 1 0.981770178526527 0.981770178526527
"901" 1 0.978266331658291 0.978266331658291
"902" 1 0.994614902943018 0.994614902943018
"903" 1 0.983052959501558 0.983052959501558
"904" 1 0.979949558638083 0.979949558638083
"905" 1 0.987777500623597 0.987777500623597
"906" 1 0.96551724137931 0.96551724137931
"907" 1 0.998257406024396 0.998257406024396
"908" 1 0.995746277993244 0.995746277993244
"909" 1 0.998379860418744 0.998379860418744
"910" 1 0.987911266201396 0.987911266201396
"911" 1 0.995013090637078 0.995013090637078
"912" 1 0.986787466968667 0.986787466968667
"913" 1 0.983524712930604 0.983524712930604
"914" 1 0.988485607008761 0.988485607008761
"915" 1 0.998381474103586 0.998381474103586
"916" 1 0.991983967935872 0.991983967935872
"917" 1 0.990682072307119 0.990682072307119
"918" 1 0.993666956413759 0.993666956413759
"919" NA NA NA
"920" 1 0.997138947630302 0.997138947630302
"921" 1 0.971932439145554 0.971932439145554
"922" 1 0.996994364433312 0.996994364433312
"923" 1 0.967078189300412 0.967078189300412
"924" 1 0.96966235085047 0.96966235085047
"925" 1 0.99875868917577 0.99875868917577
"926" 1 0.985602581606057 0.985602581606057
"927" 1 0.991344706472654 0.991344706472654
"928" 1 0.9955039340577 0.9955039340577
"929" 1 0.976291489892688 0.976291489892688
"930" 1 0.974702380952381 0.974702380952381
"931" 1 0.998392879218692 0.998392879218692
"932" 1 0.985149132659428 0.985149132659428
"933" 1 0.983552631578947 0.983552631578947
"934" 1 0.993003498250875 0.993003498250875
"935" 1 0.986028949024544 0.986028949024544
"936" 1 0.998498498498498 0.998498498498498
"937" 1 0.991718946047679 0.991718946047679
"938" 1 0.98976023976024 0.98976023976024
"939" NA NA NA
"940" 1 0.981186504452527 0.981186504452527
"941" 1 0.996602063931538 0.996602063931538
"942" 1 0.979006211180124 0.979006211180124
"943" 1 0.97977022977023 0.97977022977023
"944" 1 0.998373373373373 0.998373373373373
"945" 1 0.996480643539467 0.996480643539467
"946" 1 0.973996749593699 0.973996749593699
"947" 1 0.999625514916989 0.999625514916989
"948" 1 0.994756554307116 0.994756554307116
"949" 1 0.965929092280614 0.965929092280614
"950" 1 0.996743486973948 0.996743486973948
"951" 1 0.996998499249625 0.996998499249625
"952" 1 0.972621407333994 0.972621407333994
"953" 1 0.97629202207727 0.97629202207727
"954" 1 0.9910458898147 0.9910458898147
"955" 1 0.971037911746426 0.971037911746426
"956" 1 0.998381070983811 0.998381070983811
"957" NA NA NA
"958" 1 0.97079556898288 0.97079556898288
"959" 1 0.986296203168217 0.986296203168217
"960" 1 0.997137523335408 0.997137523335408
"961" 1 0.988504310883419 0.988504310883419
"962" 1 0.993070164583591 0.993070164583591
"963" 1 0.997878976918278 0.997878976918278
"964" 1 0.99987426128505 0.99987426128505
"965" 1 0.985714285714286 0.985714285714286
"966" 1 0.996394380206391 0.996394380206391
"967" 1 0.983548913725983 0.983548913725983
"968" 1 0.952690863579474 0.952690863579474
"969" 1 0.999375780274657 0.999375780274657
"970" 1 0.973687492206011 0.973687492206011
"971" 1 0.967831113345062 0.967831113345062
"972" 1 0.988785282258065 0.988785282258065
"973" 1 0.989630184907546 0.989630184907546
"974" 1 0.984011991006745 0.984011991006745
"975" 1 0.994708994708995 0.994708994708995
"976" 1 0.996107483676544 0.996107483676544
"977" 1 0.982151835093012 0.982151835093012
"978" 1 0.972371546443305 0.972371546443305
"979" 1 0.996255616575137 0.996255616575137
"980" NA NA NA
"981" 1 0.968147318651238 0.968147318651238
"982" 1 0.992026909181512 0.992026909181512
"983" 1 0.99156746031746 0.99156746031746
"984" 1 0.988472622478386 0.988472622478386
"985" 1 0.99636181156693 0.99636181156693
"986" 1 0.981975215921893 0.981975215921893
"987" 1 0.967572304995618 0.967572304995618
"988" 1 0.997749155933475 0.997749155933475
"989" 1 0.986229344016024 0.986229344016024
"990" NA NA NA
"991" 1 0.988196885986941 0.988196885986941
"992" 1 0.987025948103792 0.987025948103792
"993" 1 0.990329779320605 0.990329779320605
"994" 1 0.998379052369077 0.998379052369077
"995" 1 0.986102416426693 0.986102416426693
"996" 1 0.99648770697441 0.99648770697441
"997" 1 0.985131048387097 0.985131048387097
"998" 1 0.989315442912163 0.989315442912163
"999" 1 0.989784477388813 0.989784477388813
"1000" 1 0.995888875046717 0.995888875046717
